3.493997017507418075e-16
9.378856051350474142e-05
1.875648849353286917e-04
2.813167380088467309e-04
3.750318861481275953e-04
4.686980982796258967e-04
5.623031466904981814e-04
6.558348078862058462e-04
7.492808634596958423e-04
8.426291009744387838e-04
9.358673148635869750e-04
1.028983307347478872e-03
1.121964889371704788e-03
1.214799881567902575e-03
1.307476115239436824e-03
1.399981433374053669e-03
1.492303691685589392e-03
1.584430759686744454e-03
1.676350521794898584e-03
1.768050878472900503e-03
1.859519747406686036e-03
1.950745064721549774e-03
2.041714786238823642e-03
2.132416888774647454e-03
2.222839371482453197e-03
2.312970257240729282e-03
2.402797594087540799e-03
2.492309456703203745e-03
2.581493947942464784e-03
2.670339200417411706e-03
2.758833378132288967e-03
2.846964678171302974e-03
2.934721332440387229e-03
3.022091609463843729e-03
3.109063816236646866e-03
3.195626300133120636e-03
3.281767450872599343e-03
3.367475702542570976e-03
3.452739535679690084e-03
3.537547479408994101e-03
3.621888113641459281e-03
3.705750071330007715e-03
3.789122040783918580e-03
3.871992768041503542e-03
3.954351059300757060e-03
4.036185783407652411e-03
4.117485874401531805e-03
4.198240334117014222e-03
4.278438234841684153e-03
4.358068722028679565e-03
4.437121017063242780e-03
4.515584420082112763e-03
4.593448312844554057e-03
4.670702161653674488e-03
4.747335520326585734e-03
4.823338033211816041e-03
4.898699438252266357e-03
4.973409570091920535e-03
5.047458363224322474e-03
5.120835855180802705e-03
5.193532189756253081e-03
5.265537620270174454e-03
5.336842512860580021e-03
5.407437349808260664e-03
5.477312732888752096e-03
5.546459386749299364e-03
5.614868162307986785e-03
5.682530040172053057e-03
5.749436134072419963e-03
5.815577694311225426e-03
5.880946111219212402e-03
5.945532918619577875e-03
6.009329797294994668e-03
6.072328578454203041e-03
6.134521247194706962e-03
6.195899945957926078e-03
6.256456977973099721e-03
6.316184810686211598e-03
6.375076079170106588e-03
6.433123589511933853e-03
6.490320322174054739e-03
6.546659435324417818e-03
6.602134268132433745e-03
6.656738344026385222e-03
6.710465373908266855e-03
6.763309259322071963e-03
6.815264095571462767e-03
6.866324174782733464e-03
6.916483988909035568e-03
6.965738232671841827e-03
7.014081806435599857e-03
7.061509819011553557e-03
7.108017590386833499e-03
7.153600654374819498e-03
7.198254761182904318e-03
7.241975879893857750e-03
7.284760200856973782e-03
7.326604137985318066e-03
7.367504330955452693e-03
7.407457647306023123e-03
7.446461184431825420e-03
7.484512271469906039e-03
7.521608471074455425e-03
7.557747581077301803e-03
7.592927636030988477e-03
7.627146908631444837e-03
7.660403911017471187e-03
7.692697395944346830e-03
7.724026357829007032e-03
7.754390033664384542e-03
7.783787903800684811e-03
7.812219692591418699e-03
7.839685368902320900e-03
7.866185146481307483e-03
7.891719484187889599e-03
7.916289086080495127e-03
7.939894901360572410e-03
7.962538124172198473e-03
7.984220193256324344e-03
8.004942791458991361e-03
8.024707845092758640e-03
8.043517523151131818e-03
8.061374236375729377e-03
8.078280636176136259e-03
8.094239613402649455e-03
8.109254296972361400e-03
8.123328052348929851e-03
8.136464479877017833e-03
8.148667412972147861e-03
8.159940916167170849e-03
8.170289283016631682e-03
8.179717033860469527e-03
8.188228913448808433e-03
8.195829888429576396e-03
8.202525144701022439e-03
8.208320084631339983e-03
8.213220324147665549e-03
8.217231689697077415e-03
8.220360215082191113e-03
8.222612138174255694e-03
8.223993897506677239e-03
8.224512128752128545e-03
8.224173661086565251e-03
8.222985513443454783e-03
8.220954890661833284e-03
8.218089179531895896e-03
8.214395944741719954e-03
8.209882924729227163e-03
8.204558027443235868e-03
8.198429326017714694e-03
8.191505054363472024e-03
8.183793602681472407e-03
8.175303512902170472e-03
8.166043474055223461e-03
8.156022317574077030e-03
8.145249012539955424e-03
8.133732660869764583e-03
8.121482492452581498e-03
8.108507860239311249e-03
8.094818235290188527e-03
8.080423201784809120e-03
8.065332451999356056e-03
8.049555781255686784e-03
8.033103082847015478e-03
8.015984342944803068e-03
7.998209635491486738e-03
7.979789117083727415e-03
7.960733021850716767e-03
7.941051656332047057e-03
7.920755394359744322e-03
7.899854671948760079e-03
7.878359982200466502e-03
7.856281870223308025e-03
7.833630928074968719e-03
7.810417789730185814e-03
7.786653126078271238e-03
7.762347639954363110e-03
7.737512061208332015e-03
7.712157141815105532e-03
7.686293651030149353e-03
7.659932370593701932e-03
7.633084089987309320e-03
7.605759601745917982e-03
7.577969696828951683e-03
7.549725160053417754e-03
7.521036765592125327e-03
7.491915272539894331e-03
7.462371420550568957e-03
7.432415925547486250e-03
7.402059475509919530e-03
7.371312726337895735e-03
7.340186297797683494e-03
7.308690769550059592e-03
7.276836677263402546e-03
7.244634508813400063e-03
7.212094700571253410e-03
7.179227633781872300e-03
7.146043631033556498e-03
7.112552952820608287e-03
7.078765794199950480e-03
7.044692281542979002e-03
6.971310455306629732e-03
6.900344233716079571e-03
6.831726243901114354e-03
6.765391881734477905e-03
6.701279195903507915e-03
6.639328777789787334e-03
6.579483656850255296e-03
6.521689201210949596e-03
6.465893023201414215e-03
6.412044889573467396e-03
6.360096636162861951e-03
6.310002086766184834e-03
6.261716976018593707e-03
6.215198876070044537e-03
6.170407126869398816e-03
6.127302769876545596e-03
6.085848485033045450e-03
6.046008530831269850e-03
6.007748687331181808e-03
5.971036201982448006e-03
5.935839738117497724e-03
5.902129325988947524e-03
5.869876316231673226e-03
5.839053335636811178e-03
5.809634245131187202e-03
5.781594099861682434e-03
5.754909111289767225e-03
5.729556611206757313e-03
5.705515017585362399e-03
5.682763802187991778e-03
5.661283459856646279e-03
5.641055479413660534e-03
5.622062316106508743e-03
5.604287365533772852e-03
5.587714938992982029e-03
5.572330240194492239e-03
5.558119343288914910e-03
5.545069172158564007e-03
5.533167480926497704e-03
5.522402835639481262e-03
5.512764597083823215e-03
5.504242904695711043e-03
5.496828661529966700e-03
5.490513520253538851e-03
5.485289870132292571e-03
5.481150824981660848e-03
5.478090212053877625e-03
5.476102561836406445e-03
5.475183098737991527e-03
5.475327732640666335e-03
5.476533051297659271e-03
5.478796313558906457e-03
5.482115443407407224e-03
5.486489024791219200e-03
5.491916297237458069e-03
5.498397152236046172e-03
5.505932130382376610e-03
5.514522419269503664e-03
5.524169852121712382e-03
5.534876907162702801e-03
5.546646707712909671e-03
5.559483023011650357e-03
5.573390269761125879e-03
5.588373514390495254e-03
5.604438476039360489e-03
5.621591530261316194e-03
5.639839713449278612e-03
5.659190727985515326e-03
5.679652948120524243e-03
5.701235426585866267e-03
5.723947901947485511e-03
5.747800806706935585e-03
5.772805276159269708e-03
5.798973158017414926e-03
5.826317022814038980e-03
5.854850175093108400e-03
5.884586665404486529e-03
5.915541303116104120e-03
5.947729670059512773e-03
5.981168135025754715e-03
6.015873869129780872e-03
6.051864862062866085e-03
6.089159939253819924e-03
6.127778779960942578e-03
6.167741936318142833e-03
6.209070853359877247e-03
6.251787890050975599e-03
6.295916341348777728e-03
6.341480461326426746e-03
6.388505487387619031e-03
6.437017665604566861e-03
6.487044277212434401e-03
6.538613666294929364e-03
6.591755268697514249e-03
6.646499642205951769e-03
6.702878498029834174e-03
6.760924733632046359e-03
6.820672466947061592e-03
6.882157072032394664e-03
6.945415216199354348e-03
7.010484898670960550e-03
7.077405490816482229e-03
7.146217778013942180e-03
7.216964003193509884e-03
7.289687912116585809e-03
7.364434800447027668e-03
7.441251562672606713e-03
7.520186742936705963e-03
7.601290587841661762e-03
7.684615101286920366e-03
7.770214101406809279e-03
7.858143279673957329e-03
7.948460262236159077e-03
8.041224673555485286e-03
8.136498202419840259e-03
8.234344670398076674e-03
8.334830102810820290e-03
8.438022802289613100e-03
8.543993424997719036e-03
8.652815059585908589e-03
8.764563308956590734e-03
8.879316374909154014e-03
8.997155145738592805e-03
9.118163286858148656e-03
9.242427334515126644e-03
9.370036792666472381e-03
9.501084233077921465e-03
9.635665398706784457e-03
9.773879310423937497e-03
9.915828377125332493e-03
1.006161850927676446e-02
1.021135923592838592e-02
1.036516382522639085e-02
1.052314940843962661e-02
1.068543710750656517e-02
1.085215216609543808e-02
1.102342408415418577e-02
1.119938675591016647e-02
1.138017861125944358e-02
1.156594276046305457e-02
1.175682714204281769e-02
1.195298467374040878e-02
1.215457340637203336e-02
1.236175668037505296e-02
1.257470328480319102e-02
1.279358761848257801e-02
1.301858985299106028e-02
1.324989609706825333e-02
1.348769856200274404e-02
1.373219572747470286e-02
1.398359250725737801e-02
1.424210041409747912e-02
1.450793772300329465e-02
1.478132963206783140e-02
1.506250841984316420e-02
1.535171359816005221e-02
1.564919205915198119e-02
1.595519821509618075e-02
1.626999412952223265e-02
1.659384963786321096e-02
1.692704245573148011e-02
1.726985827269165649e-02
1.762259082917495140e-02
1.798554197393176582e-02
1.835902169914967533e-02
1.874334815007448404e-02
1.913884760565656012e-02
1.954585442640731363e-02
1.996471096528651748e-02
2.039576743705057149e-02
2.083938174107559729e-02
2.129591923222320590e-02
2.176575243384516398e-02
2.224926068652161373e-02
2.274682972560054806e-02
2.325885118005146038e-02
2.378572198456723602e-02
2.432784369624758913e-02
2.488562170657659944e-02
2.545946433877260134e-02
2.604978181994463057e-02
2.665698511684225919e-02
2.728148462334773275e-02
2.792368868723452829e-02
2.858400196312335315e-02
2.926282357801718997e-02
2.996054509530938700e-02
3.067754826275263455e-02
3.141420252957825149e-02
3.217086231778880367e-02
3.294786403264503283e-02
3.374552279756681122e-02
3.456412889910227132e-02
3.540394392833961373e-02
3.626519660618337387e-02
3.714807828134750883e-02
3.805273809178742750e-02
3.897927778265834753e-02
3.992774617681554838e-02
4.089813329742229137e-02
4.189036414647224343e-02
4.290429214802579660e-02
4.393969227076421208e-02
4.499625385113714682e-02
4.607357314596185333e-02
4.717114565185345082e-02
4.828835823834818491e-02
4.942448115200424180e-02
5.057865996010451476e-02
5.174990751475976036e-02
5.293709603111824286e-02
5.413894938686806407e-02
5.535403576406273257e-02
5.658076076824417044e-02
5.781736117355264215e-02
5.906189945560236937e-02
6.031225928591218977e-02
6.156614217207945911e-02
6.282106543609622396e-02
6.407436172859405643e-02
6.532318027869138399e-02
6.656449007682542496e-02
6.779508518078962431e-02
6.901159232252519760e-02
7.021048097445446723e-02
7.138807600882603188e-02
7.254057305135859501e-02
7.366405659129166006e-02
7.475452086390886597e-02
7.580789346907590431e-02
7.682006163104093677e-02
7.778690094171429592e-02
7.870430636323900997e-02
7.956822519759895740e-02
8.037469166326925707e-02
8.111986265375352445e-02
8.180005419269853473e-02
8.241177804762916947e-02
8.295177792170578546e-02
8.341706461258985295e-02
8.380494951158401484e-02
8.411307581633054031e-02
8.433944684763726440e-02
8.448245089595325663e-02
8.454088207543770939e-02
8.451395673253336849e-02
8.440132503980082856e-02
8.420307750215384746e-02
8.391974620860997991e-02
8.355230077481963502e-02
8.310213903622835907e-02
8.257107266488487862e-02
8.196130799081667584e-02
8.127542240796026274e-02
8.051633683168180067e-02
7.968728474732482414e-02
7.879177844500824535e-02
7.783357307384497492e-02
7.681662916838112587e-02
7.574507430164460764e-02
7.462316450370168330e-02
7.345524605359629589e-02
7.224571820805292255e-02
7.099899737472209482e-02
6.971948317367540615e-02
6.841152676097572716e-02
6.707940171511010685e-02
6.572727771336561720e-02
6.435919715307659994e-02
6.297905480403125089e-02
6.159058051475989337e-02
6.019732493815622976e-02
5.880264819176222318e-02
5.696852394799598041e-02
5.495406565412690181e-02
5.301253437338062507e-02
5.114296605855304934e-02
4.934412582160593863e-02
4.761455625223361132e-02
4.595262045710307025e-02
4.435654012418197706e-02
4.282442895354458823e-02
4.135432181602096552e-02
3.994420000765647877e-02
3.859201296435384176e-02
3.729569678990617143e-02
3.605318993408859057e-02
3.486244633735181842e-02
3.372144633634664018e-02
3.262820560113316448e-02
3.158078235132569939e-02
3.057728307522172492e-02
2.961586695362578708e-02
2.869474916889645441e-02
2.781220325993276343e-02
2.696656266547385952e-02
2.615622158125517280e-02
2.537963524125094739e-02
2.463531971937716128e-02
2.392185133558211163e-02
2.323786573911768363e-02
2.258205673187514695e-02
2.195317488589305921e-02
2.135002600139212711e-02
2.077146944487948815e-02
2.021641640089333336e-02
1.968382806573970578e-02
1.917271380703518269e-02
1.868212930892338558e-02
1.821117471942372557e-02
1.775899281342758346e-02
1.732476718232470875e-02
1.690772045907523377e-02
1.650711258568767631e-02
1.612223912848644025e-02
1.575242964521557029e-02
1.539704610689474583e-02
1.505548137639704277e-02
1.472715774492340708e-02
1.441152552689147458e-02
1.410806171321410049e-02
1.381626868249755807e-02
1.353567296933274461e-02
1.326582408856418101e-02
1.300629341419748050e-02
1.275667311143309501e-02
1.251657512018402793e-02
1.228563018834456441e-02
1.206348695301475739e-02
1.184981106785093150e-02
1.164428437469837950e-02
1.144660411766559166e-02
1.125648219781816978e-02
1.107364446669902198e-02
1.089783005692079865e-02
1.072879074812232297e-02
1.056629036663129205e-02
1.041010421723228760e-02
1.026001854549605727e-02
1.011583002918722655e-02
9.977345297328750473e-03
9.844380475562523186e-03
9.716760756508319163e-03
9.594319993883203626e-03
9.476900319204346890e-03
9.364351779956916685e-03
9.256531998166022193e-03
9.153305848367959685e-03
9.054545154029817328e-03
8.960128401519237493e-03
8.869940470776620581e-03
8.783872381890699479e-03
8.701821056825658970e-03
8.623689095592775369e-03
8.549384566202949259e-03
8.478820807778428975e-03
8.411916246241400719e-03
8.348594222036015422e-03
8.288782829376770134e-03
8.232414766551825885e-03
8.179427196843626000e-03
8.129761619661829766e-03
8.083363751515191750e-03
8.040183416479171688e-03
8.000174445845406254e-03
7.963294586667580069e-03
7.929505418945562156e-03
7.898772281216524110e-03
7.871064204347582791e-03
7.846353853350069782e-03
7.824617477060345078e-03
7.805834865556468723e-03
7.789989315204243550e-03
7.777067601250013673e-03
7.767059957901225990e-03
7.759960065859441807e-03
7.755765047294225362e-03
7.754475468269943911e-03
7.756095348661623187e-03
7.760632179620340250e-03
7.768096948673178584e-03
7.778504172568207441e-03
7.791871938000613507e-03
7.808221950382894516e-03
7.827579590849353258e-03
7.849973981713531321e-03
7.875438060627010586e-03
7.904008663718436675e-03
7.935726618024115109e-03
7.970636843555093526e-03
8.008788465381075014e-03
8.050234936148873560e-03
8.095034169492316967e-03
8.143248684832314621e-03
8.194945764109574579e-03
8.250197621039383894e-03
8.309081583527319625e-03
8.371680289937507430e-03
8.438081899961341614e-03
8.508380320894176965e-03
8.582675450191595487e-03
8.661073435244810714e-03
8.743686951387694833e-03
8.830635499225757828e-03
8.922045722460629491e-03
9.018051747472631552e-03
9.118795546019691986e-03
9.224427322512447625e-03
9.335105927435416451e-03
9.450999298600770704e-03
9.572284932046769973e-03
9.699150384527777807e-03
9.831793809686045771e-03
9.970424530150253858e-03
1.011526364797027920e-02
1.026654469597445239e-02
1.042451433282444613e-02
1.058943308474442555e-02
1.076157613711699670e-02
1.094123417936825396e-02
1.112871430680930501e-02
1.132434098336312922e-02
1.152845706938249171e-02
1.174142491905984763e-02
1.196362755224203780e-02
1.219546990579216394e-02
1.243738016998988984e-02
1.268981121582586982e-02
1.295324211943030268e-02
1.322817979027496142e-02
1.351516071020237783e-02
1.381475279076562271e-02
1.412755735679961308e-02
1.445421126459160883e-02
1.479538916346684156e-02
1.515180591004815745e-02
1.552421914488235494e-02
1.591343204153447544e-02
1.632029623862824019e-02
1.674571496563626027e-02
1.719064637348016733e-02
1.765610708116586991e-02
1.814317594972116726e-02
1.865299809459056157e-02
1.918678914733056712e-02
1.974583977688590050e-02
2.033152047985794381e-02
2.094528664791476050e-02
2.158868391876502327e-02
2.226335381480564271e-02
2.297103967053712101e-02
2.371359284597359535e-02
2.449297921837157235e-02
2.531128593846439234e-02
2.617072842976577579e-02
2.707365760011101741e-02
2.802256722310917172e-02
2.902010143318243390e-02
3.006906226093920831e-02
3.117241711522966002e-02
3.233330609379435339e-02
3.355504897526225688e-02
3.484115171063610628e-02
3.619531219150048940e-02
3.762142502407905126e-02
3.912358498198931223e-02
4.070608874507430919e-02
4.237343445597172714e-02
4.413031853913590430e-02
4.598162912791767948e-02
4.793243533334345940e-02
4.998797146305906935e-02
5.215361516063041214e-02
5.443485828498108997e-02
5.683726918912826442e-02
5.936644488999867630e-02
6.202795145232833929e-02
6.482725074728779013e-02
6.776961160158354036e-02
7.086000324022349861e-02
7.410296886552739104e-02
7.750247723134758016e-02
8.106175019598899079e-02
8.478306450769020064e-02
8.866752653680218255e-02
9.271481936870011598e-02
9.692292266433057135e-02
1.012878070345475945e-01
1.058031064082766426e-01
1.104597740378707310e-01
1.152457303889274226e-01
1.201455141801780618e-01
1.251399511929502661e-01
1.302058590111428715e-01
1.353158093489818803e-01
1.404379727474619199e-01
1.455360727473067051e-01
1.505694776693342896e-01
1.554934572954524419e-01
1.602596284959642570e-01
1.648166077326888579e-01
1.691108791176206827e-01
1.730878743647608908e-01
1.766932459887796403e-01
1.798742984040361537e-01
1.825815245650994623e-01
1.847701802611407818e-01
1.864018161348495739e-01
1.874456808798315721e-01
1.878799094254038626e-01
1.876924180808428322e-01
1.868814444677456832e-01
1.854556924564109976e-01
1.834340691182897443e-01
1.808450291055420933e-01
1.777255687964085507e-01
1.741199351336766288e-01
1.700781301066776052e-01
1.656543000066273696e-01
1.609050987136106392e-01
1.558881071446201749e-01
1.506603781705308787e-01
1.452771598074646675e-01
1.397908314192837231e-01
1.342500699526135988e-01
1.286992473790513902e-01
1.231780475480697690e-01
1.177212810505395002e-01
1.107591762263141905e-01
1.035321112291285317e-01
9.678679942098350475e-02
9.050413815140111173e-02
8.466187159339036428e-02
7.923583741165497740e-02
7.420093684257621225e-02
6.953187204604506511e-02
6.520369195475554658e-02
6.119218357555556570e-02
5.747414075455292010e-02
5.402753741908575269e-02
5.083162761790011724e-02
4.786699048336771206e-02
4.511553460897977513e-02
4.256047327335828190e-02
4.018627941019670136e-02
3.797862716345885847e-02
3.592432521349574887e-02
3.401124574794709560e-02
3.222825192175500508e-02
3.056512585075849345e-02
2.901249856805387939e-02
2.756178290383071508e-02
2.620510989663942664e-02
2.493526908170892384e-02
2.374565280973403233e-02
2.263020461130512903e-02
2.158337152509050283e-02
2.060006024200673053e-02
1.967559687510027355e-02
1.880569013969911329e-02
1.798639771591265674e-02
1.721409556220979478e-02
1.648544995189911780e-02
1.579739201181658975e-02
1.514709455288949791e-02
1.453195099435119000e-02
1.394955619640502777e-02
1.339768902948998593e-02
1.287429652155141872e-02
1.237747943759380173e-02
1.190547915808269283e-02
1.145666573436440738e-02
1.102952701011113666e-02
1.062265870785079891e-02
1.023475538891038643e-02
9.864602203598794167e-03
9.511067356220846009e-03
9.173095216581795067e-03
8.849700016055154009e-03
8.539960072095904853e-03
8.243012490324946526e-03
7.958048298039666416e-03
7.684307967258562772e-03
7.421077289225130706e-03
7.167683565717786198e-03
6.923492085568133149e-03
6.687902857515132596e-03
6.460347572942781724e-03
6.240286774189486227e-03
6.027207206002818674e-03
5.820619329359641957e-03
5.620054978299231750e-03
5.425065141637884329e-03
5.235217852459374266e-03
5.050096169117775785e-03
4.869296232150828463e-03
4.692425381990979714e-03
4.519100322676550263e-03
4.348945316906575528e-03
4.181590397747320977e-03
4.016669582076461305e-03
3.853819070435128731e-03
3.692675417331564135e-03
3.532873655186088285e-03
3.374045354002375586e-03
3.215816597463492556e-03
3.057805854450317169e-03
2.899621722919092873e-03
2.740860520601615113e-03
2.581103694044768661e-03
2.419915014005478114e-03
2.256837521073946397e-03
2.091390180499127626e-03
1.923064199400789437e-03
1.751318952712698201e-03
1.575577456111120324e-03
1.395221314606819203e-03
1.209585064125468391e-03
1.017949809916644799e-03
8.195360495864758166e-04
6.134955494095663785e-04
3.989021196949482043e-04
1.747411075534744947e-04
-6.010260755443070312e-05
-3.068583698516561594e-04
-5.668855572728949757e-04
-8.416918061900321470e-04
-1.132954082471539616e-03
-1.442543117141345142e-03
-1.772551831072921883e-03
-2.125328503764949573e-03
-2.503515602542550570e-03
-2.910095388528669003e-03
-3.348443664761955110e-03
-3.822393343268445237e-03
-4.336309899134600972e-03
-4.895181273442210032e-03
-5.504725413271407790e-03
-6.171519435493350025e-03
-6.903155424505795328e-03
-7.708429193072721154e-03
-8.597570045231638439e-03
-9.582521810051203293e-03
-1.067728834142597609e-02
-1.189836054510933286e-02
-1.326524713687997348e-02
-1.480113822628978740e-02
-1.653374012300810880e-02
-1.849633242160553595e-02
-2.072911579027513634e-02
-2.328094293106452647e-02
-2.621155876208109206e-02
-2.959452323332406945e-02
-3.352105765374405882e-02
-3.810515252716833307e-02
-4.349041624706795339e-02
-4.985935209975152216e-02
-5.744606105874414115e-02
-6.655383546434015529e-02
-7.757982290089324162e-02
-9.105004443508664391e-02
-1.076697821425871004e-01
-1.283970947437584886e-01
-1.545516164448151042e-01
-1.879778931071778292e-01
-2.312940036730513904e-01
-2.882746909390726531e-01
-3.644471360839014462e-01
-4.680196026490964778e-01
-6.113129717528289486e-01
-8.128812167141026279e-01
-1.092188264781834395e+00
-1.461319009396345292e+00
-1.960774880715428603e+00
-2.607407587911139579e+00
-3.370947541336946962e+00
-4.124995991228652237e+00
-4.638502972865993002e+00
-4.692661706651089837e+00
-4.265125187007940966e+00
-3.550155359937816169e+00
-2.786497904093125921e+00
-2.119913645310488093e+00
-1.595115044003198035e+00
-1.202173695623936389e+00
-9.138745987585727981e-01
-7.031157528504395904e-01
-5.482053850032650999e-01
-4.331928175994770869e-01
-3.467529503647477362e-01
-2.809399555963486006e-01
-2.301793238923793561e-01
-1.905359558704839140e-01
-1.592056887071137405e-01
-1.341680955468332326e-01
-1.139503380247957470e-01
-9.746604260305177792e-02
-8.390458828548577608e-02
-7.265433392785353162e-02
-6.324883373105305573e-02
-5.532875311483763381e-02
-4.861461023951264143e-02
-4.288705786616248128e-02
-3.797247169470797240e-02
-3.373231164710425306e-02
-3.005519289470349673e-02
-2.685092217011393612e-02
-2.404597296008024673e-02
-2.158002378291397697e-02
-1.940328876766908572e-02
-1.747444366193533216e-02
-1.575900288932113869e-02
-1.422804089252653788e-02
-1.285717818208352396e-02
-1.162577231923534946e-02
-1.051626861016166127e-02
-9.513676056105976192e-03
-8.605142131294964136e-03
-7.779605987311850532e-03
-7.027514237984728608e-03
-6.340586944470845768e-03
-5.711624073184657334e-03
-5.134344742252943024e-03
-4.603253154548997590e-03
-4.113526347694830554e-03
-3.660919856254836024e-03
-3.241688140588429735e-03
-2.852517237226838594e-03
-2.490467562667734135e-03
-2.152925183207173368e-03
-1.837560168633108363e-03
-1.542290893294150219e-03
-1.265253346646434034e-03
-1.004774676529571024e-03
-7.593503196822058363e-04
-5.276241813175944857e-04
-3.083714136162591280e-04
-1.004834154666244895e-04
9.704526435585701888e-05
2.851283887838784617e-04
4.645980858159859763e-04
6.362136862611472493e-04
8.006695097633139725e-04
9.586017389107424945e-04
1.110594500985344910e-03
1.257185259837433544e-03
1.398869605947408853e-03
1.536105520516765389e-03
1.669317179053583832e-03
1.798898351086926405e-03
1.925215445109367419e-03
2.048610241406564631e-03
2.169402349914450676e-03
2.287891425507396475e-03
2.404359169046996463e-03
2.519071139009465294e-03
2.632278395478953887e-03
2.744218995673241863e-03
2.855119357897512988e-03
2.965195508853353014e-03
3.074654227518600329e-03
3.183694097325943679e-03
3.292506477072295028e-03
3.401276399860759907e-03
3.510183408391985213e-03
3.619402334060395528e-03
3.729104026559357590e-03
3.839456040042631742e-03
3.950623281315134711e-03
4.062768625025933375e-03
4.176053500398579227e-03
4.290638453653685194e-03
4.406683689947770571e-03
4.524349598365264881e-03
4.643797263253954949e-03
4.765188964981013561e-03
4.888688673006100043e-03
5.014462534015409062e-03
5.142679357733060015e-03
5.273511102922692761e-03
5.407133366009004086e-03
5.543725874685632299e-03
5.683472988830825558e-03
5.826564211022574637e-03
5.973194708933061807e-03
6.123565851882183803e-03
6.277885763845804726e-03
6.436369895242450428e-03
6.599241615861703263e-03
6.766732831351195479e-03
6.939084625741146276e-03
7.116547932560522705e-03
7.299384237182979761e-03
7.487866313134633814e-03
7.682278995199661245e-03
7.882919992270802367e-03
8.090100743011171061e-03
8.304147317520821706e-03
8.525401368331585877e-03
8.754221134191985179e-03
8.990982500240531083e-03
9.236080118306578754e-03
9.489928591214426279e-03
9.752963725098855868e-03
1.002564385386495172e-02
1.030845124003494130e-02
1.060189355631765799e-02
1.090650545230416844e-02
1.122285021072654161e-02
1.155152149771184258e-02
1.189314521140049860e-02
1.224838143317298102e-02
1.261792648551889919e-02
1.300251510027150732e-02
1.340292270049838440e-02
1.381996779875398033e-02
1.425451451363636719e-02
1.470747520561026429e-02
1.517981323181528605e-02
1.567254581803185012e-02
1.618674704405484790e-02
1.672355093637427348e-02
1.728415465919144051e-02
1.786982179132494061e-02
1.848188567237591881e-02
1.912175279650331350e-02
1.979090622617137724e-02
2.049090899111721473e-02
2.122340742935952332e-02
2.199013441714444544e-02
2.279291242305577642e-02
2.363365630787631413e-02
2.451437577588620395e-02
2.543717736483424446e-02
2.640426584050748274e-02
2.733423902442169359e-02
2.789506230605337533e-02
2.846228889825860517e-02
2.903557970226792323e-02
2.961456434245012329e-02
3.019884028133373519e-02
3.078797202114505818e-02
3.138149040519724875e-02
3.197889203294994320e-02
3.257963880294847264e-02
3.318315759811199528e-02
3.378884012796524311e-02
3.439604294237341708e-02
3.500408763112228261e-02
3.561226122327838112e-02
3.621981679963438838e-02
3.682597433069293574e-02
3.742992175154376960e-02
3.803081628363896155e-02
3.862778601186524219e-02
3.921993172344081374e-02
3.980632901303758631e-02
4.038603065615246901e-02
4.095806925013426719e-02
4.152146011944485987e-02
4.207520447870707198e-02
4.261829284391412120e-02
4.314970867887624184e-02
4.366843226060690419e-02
4.417344474395925452e-02
4.466373240246092335e-02
4.513829101902907398e-02
4.559613039713954902e-02
4.603627896013161996e-02
4.645778840373256807e-02
4.685973836462870717e-02
4.724124106606753665e-02
4.760144590009687121e-02
4.793954390517737169e-02
4.825477209759407304e-02
4.854641761535859884e-02
4.881382163416608799e-02
4.905638301645055821e-02
4.927356165666456345e-02
4.946488148857748623e-02
4.962993312360346188e-02
4.976837609289510439e-02
4.987994067011378152e-02
4.996442925634090454e-02
5.002171731345531752e-02
5.005175383738048184e-02
5.005456136781481769e-02
5.003023553630574216e-02
4.997894415972026910e-02
4.990092589120959793e-02
4.979648844557760246e-02
4.966600642045861796e-02
4.950991873882051864e-02
4.932872574196723453e-02
4.912298596537256062e-02
4.889331263229175495e-02
4.864036990214573586e-02
4.836486891213524070e-02
4.806756365142459547e-02
4.774924670753859235e-02
4.741074492437345744e-02
4.705291501045420072e-02
4.667663913482744675e-02
4.628282054630018794e-02
4.587237924967710323e-02
4.544624777027129331e-02
4.500536703532064670e-02
4.455068239809761854e-02
4.408313982751357191e-02
4.360368228294286830e-02
4.311324629089062499e-02
4.261275873703958966e-02
4.210313388419156810e-02
4.158527062370392935e-02
4.106004996524275502e-02
4.052833276706831189e-02
3.999095770665153649e-02
3.944873948921141099e-02
3.890246728977867635e-02
3.835290342262871049e-02
3.780078223039972513e-02
3.724680918390985140e-02
3.669166018260716644e-02
3.613598104472370842e-02
3.558038717553954622e-02
3.502546340169353928e-02
3.447176395917946057e-02
3.391981262252841134e-02
3.337010296268801829e-02
3.282309872123870959e-02
3.227923428883657658e-02
3.173891527611026608e-02
3.120251916565916495e-02
3.067039603428810962e-02
3.014286933514717312e-02
2.962023673002476404e-02
2.910277096264510602e-02
2.859072076444188829e-02
2.808431178491266333e-02
2.758374753928432774e-02
2.708921036684757214e-02
2.660086239392638052e-02
2.611884649604156311e-02
2.564328725440060894e-02
2.517429190238918563e-02
2.471195125826137345e-02
2.425634064071383392e-02
2.380752076448806528e-02
2.336553861357534151e-02
2.293042828999234534e-02
2.250221183646498521e-02
2.208090003169169840e-02
2.166649315716304147e-02
2.125898173479347231e-02
2.085834723486869671e-02
2.046456275403722019e-02
2.007759366327352760e-02
1.969739822591495132e-02
1.932392818603064291e-02
1.895712932751184715e-02
1.859694200439100664e-02
1.824330164299316909e-02
1.789613921660627299e-02
1.755538169342568330e-02
1.722095245858135115e-02
1.689277171110146331e-02
1.657075683669783500e-02
1.625482275728186779e-02
1.594488225813590204e-02
1.564084629367033449e-02
1.534262427270038052e-02
1.505012432417025987e-02
1.476325354424368706e-02
1.448191822566674385e-02
1.420602407029065289e-02
1.393547638562341560e-02
1.367018026625619470e-02
1.341004076098550359e-02
1.315496302642758450e-02
1.290485246789228185e-02
1.265961486825755399e-02
1.241915650555596926e-02
1.218338425995587303e-02
1.195220571079175578e-02
1.172552922426761332e-02
1.150326403243051056e-02
1.128532030398180820e-02
1.107160920746640652e-02
1.086204296735342190e-02
1.065653491349446633e-02
1.045499952442097841e-02
1.025735246491662339e-02
1.006351061827672790e-02
9.873392113644212029e-03
9.686916348788085496e-03
9.504004008670451434e-03
9.324577080126609033e-03
9.148558862963687699e-03
8.975873977764730824e-03
8.806448370666804248e-03
8.640209315365281889e-03
8.477085412580397453e-03
8.317006587206247220e-03
8.159904083349083653e-03
8.005710457446786263e-03
7.854359569649287803e-03
7.705786573627386102e-03
7.559927904965281671e-03
7.416721268282290731e-03
7.276105623217669904e-03
7.138021169403891558e-03
7.002409330544177336e-03
6.869212737701353537e-03
6.738375211897777543e-03
6.609841746117623394e-03
6.483558486796612945e-03
6.359472714877232626e-03
6.237532826501236000e-03
6.117688313406043771e-03
5.999889743085288184e-03
5.884088738769617521e-03
5.770237959278675700e-03
5.658291078790782247e-03
5.548202766573159458e-03
5.439928666711078831e-03
5.333425377871314245e-03
5.228650433131789600e-03
5.125562279906066381e-03
5.024120259988953952e-03
4.924284589746177367e-03
4.826016340469202123e-03
4.729277418913836392e-03
4.634030548038851199e-03
4.540239247959558001e-03
4.447867817128655851e-03
4.356881313755731414e-03
4.267245537474813159e-03
4.178927011268136413e-03
4.091892963653044266e-03
4.006111311137460981e-03
3.921550640948629450e-03
3.838180194038599488e-03
3.755969848368938529e-03
3.674890102476664842e-03
3.594912059322070714e-03
3.516007410418900067e-03
3.438148420246438589e-03
3.361307910942466434e-03
3.285459247275772463e-03
3.210576321895980498e-03
3.136633540858434644e-03
3.063605809421299144e-03
2.991468518111582882e-03
2.920197529056838080e-03
2.849769162578454865e-03
2.780160184042739652e-03
2.711347790965427506e-03
2.643309600365165504e-03
2.576023636361436404e-03
2.509468318011983876e-03
2.443622447384934983e-03
2.378465197860580530e-03
2.313976102657598274e-03
2.250135043578699139e-03
2.186922239970199959e-03
2.124318237890337677e-03
2.062303899480947330e-03
2.000860392536996536e-03
1.939969180268741062e-03
1.879612011250856272e-03
1.819770909553226207e-03
1.760428165047941756e-03
1.701566323886957027e-03
1.643168179145199732e-03
1.585216761623473242e-03
1.527695330805913399e-03
1.470587365966637833e-03
1.413876557420132730e-03
1.357546797910248997e-03
1.301582174132362088e-03
1.245966958383530349e-03
1.190685600335476347e-03
1.135722718925094620e-03
1.081063094357553184e-03
1.026691660216667292e-03
9.725934956776165772e-04
9.187538178169735560e-04
8.651579740149480937e-04
8.117914344450801378e-04
7.586397846462553845e-04
7.056887181722806476e-04
6.529240293141550921e-04
6.003316058901210159e-04
5.478974220988765652e-04
4.956075314309861448e-04
4.434480596338659202e-04
3.914051977256289986e-04
3.394651950530025615e-04
2.876143523888118709e-04
2.358390150642002971e-04
1.841255661310482533e-04
1.324604195499801140e-04
8.083001339924672914e-05
2.922080310006611902e-05
