0.000000000000000000e+00
2.672136112857937951e-01
5.344321406528468321e-01
8.016605061824180201e-01
1.068903625955767156e+00
1.336166418054152594e+00
1.603453800558833908e+00
1.870770691551070897e+00
2.138122009112121802e+00
2.405512671323245311e+00
2.672947596265701886e+00
2.940431702020750215e+00
3.207969906669648985e+00
3.475567128293658659e+00
3.743228284974036590e+00
4.010958294792042800e+00
4.278762075828937306e+00
4.546644546165977907e+00
4.814610623884424179e+00
5.082665227065535696e+00
5.350813273790570257e+00
5.619059682140790102e+00
5.887409370197451253e+00
6.155867256041813285e+00
6.424438257755136661e+00
6.693127293418681845e+00
6.961939281113703970e+00
7.230879138921465277e+00
7.499951784923223563e+00
7.769162137200238405e+00
8.038515113833769377e+00
8.308015632905073389e+00
8.577668612495415346e+00
8.847478970686047717e+00
9.117451625558231854e+00
9.387591495193229107e+00
9.657903497672295501e+00
9.928392551076694161e+00
1.019906357348767934e+01
1.046992148298651593e+01
1.074097119765445640e+01
1.101221763557276390e+01
1.128366571482269975e+01
1.155532035348552000e+01
1.182718646964248066e+01
1.209926898137485018e+01
1.237157280676387572e+01
1.264410286389082572e+01
1.291686407083695620e+01
1.318986134568352675e+01
1.346309960651179871e+01
1.373658377140302278e+01
1.401031875843846919e+01
1.428430948569939218e+01
1.455856087126704779e+01
1.483307783322270090e+01
1.510786528964760578e+01
1.538292815862302376e+01
1.565827135823021443e+01
1.593389980655043736e+01
1.620981842166494857e+01
1.648603212165501475e+01
1.676254582460188303e+01
1.703936444858682364e+01
1.731649291169109262e+01
1.759393613199594597e+01
1.787169902758264683e+01
1.814978651653244768e+01
1.842820351692661518e+01
1.870695494684640536e+01
1.898604572437307780e+01
1.926548076758789563e+01
1.954526499457210420e+01
1.982540332340697731e+01
2.010590067217377808e+01
2.038676195895374832e+01
2.066799210182815472e+01
2.094959601887826040e+01
2.123157862818531783e+01
2.151394484783059724e+01
2.179669959589534400e+01
2.207984779046082835e+01
2.236339434960829564e+01
2.264734419141902322e+01
2.293170223397426355e+01
2.321647339535526555e+01
2.350166259364330301e+01
2.378727474691962129e+01
2.407331477326549063e+01
2.435978759076216704e+01
2.464669811749091011e+01
2.493405127153297229e+01
2.522185197096962028e+01
2.551010513388211365e+01
2.579881567835171197e+01
2.608798852245966415e+01
2.637762858428723689e+01
2.666774078191569330e+01
2.695833003342628942e+01
2.724940125690028125e+01
2.754095937041893549e+01
2.783300929206349394e+01
2.812555593991523395e+01
2.841860423205541508e+01
2.871215908656528271e+01
2.900622542152610350e+01
2.930080815501913349e+01
2.959591220512564647e+01
2.989154248992687712e+01
3.018770392750409925e+01
3.048440143593857599e+01
3.078163993331155623e+01
3.107942433770431023e+01
3.137775956719807979e+01
3.167665053987413515e+01
3.197610217381374298e+01
3.227611938709815576e+01
3.257670709780862950e+01
3.287787022402640957e+01
3.317961368383278398e+01
3.348194239530900518e+01
3.378486127653631854e+01
3.408837524559599785e+01
3.439248922056928137e+01
3.469720811953744288e+01
3.500253686058174907e+01
3.530848036178344529e+01
3.561504354122379823e+01
3.592223131698406746e+01
3.623004860714550546e+01
3.653850032978937890e+01
3.684759140299694025e+01
3.715732674484944908e+01
3.746771127342817209e+01
3.777874990681436174e+01
3.809044756308928470e+01
3.840280916033418634e+01
3.871583961663033335e+01
3.902954385005898530e+01
3.934392677870140176e+01
3.965899332063884941e+01
3.997474839395258073e+01
4.029119691672384818e+01
4.060834380703391844e+01
4.092619398296404398e+01
4.124475236259549860e+01
4.156402386400952054e+01
4.188401340528739070e+01
4.220472590451034733e+01
4.252616627975966423e+01
4.284833944911660808e+01
4.317125033066240292e+01
4.349490384247835095e+01
4.381930490264567624e+01
4.414445842924565966e+01
4.447036934035956079e+01
4.479704255406862501e+01
4.512448298845412609e+01
4.545269556159730229e+01
4.578168519157942740e+01
4.611145679648177520e+01
4.644201529438558396e+01
4.677336560337211324e+01
4.710551264152262263e+01
4.743846132691837880e+01
4.777221657764063423e+01
4.810678331177064848e+01
4.844216644738970956e+01
4.877837090257902730e+01
4.911540159541987549e+01
4.945326344399354213e+01
4.979196136638125836e+01
5.013150028066429087e+01
5.047188510492389923e+01
5.081312075724134303e+01
5.115521215569788893e+01
5.149816421837478231e+01
5.184198186335328273e+01
5.218667000871464978e+01
5.253223357254015724e+01
5.287867747291106468e+01
5.322600662790860326e+01
5.357422595561406808e+01
5.392334037410868319e+01
5.427335480147372948e+01
5.462427415579046652e+01
5.497610335514014679e+01
5.532884731760402985e+01
5.568251096126338240e+01
5.603709920419944268e+01
5.639261696449349159e+01
5.674906916022678161e+01
5.710646070948056519e+01
5.746479653033613033e+01
5.782408154087468688e+01
5.818432065917754414e+01
5.854551880332591907e+01
5.890768089140109254e+01
5.927081184148433834e+01
5.963491657165688054e+01
6.000000000000000000e+01
6.036606271558695624e+01
6.073308799145907955e+01
6.110105477164967880e+01
6.146994200019206289e+01
6.183972862111958335e+01
6.221039357846552775e+01
6.258191581626324762e+01
6.295427427854605895e+01
6.332744790934726353e+01
6.370141565270021289e+01
6.407615645263820170e+01
6.445164925319456017e+01
6.482787299840265405e+01
6.520480663229572826e+01
6.558242909890716987e+01
6.596071934227023803e+01
6.633965630641831979e+01
6.671921893538468851e+01
6.709938617320270282e+01
6.748013696390565030e+01
6.786145025152688959e+01
6.824330498009970825e+01
6.862568009365743649e+01
6.900855453623341873e+01
6.939190725186097097e+01
6.977571718457338079e+01
7.015996327840397839e+01
7.054462447738613662e+01
7.092967972555314304e+01
7.131510796693831367e+01
7.170088814557496448e+01
7.208699920549643991e+01
7.247342009073604174e+01
7.286012974532712860e+01
7.324710711330295965e+01
7.363433113869692193e+01
7.402178076554228880e+01
7.440943493787237628e+01
7.479727259972059983e+01
7.518527269512016176e+01
7.557341416810444912e+01
7.596167596270676370e+01
7.635003702296043571e+01
7.673847629289880956e+01
7.712697271655514442e+01
7.751550523796284153e+01
7.790405280115516007e+01
7.829259435016543023e+01
7.868110882902702485e+01
7.906957518177320310e+01
7.945797235243730938e+01
7.984627928505268812e+01
8.023447492365262690e+01
8.062253821227048434e+01
8.101044809493953380e+01
8.139818351569313393e+01
8.178572341856460071e+01
8.217304674758726435e+01
8.256013244679442664e+01
8.294695946021941779e+01
8.333350673189555380e+01
8.371975320585615066e+01
8.410567782613458121e+01
8.449125953676411882e+01
8.487647728177809370e+01
8.526131000520980763e+01
8.564573665109260503e+01
8.602973616345984453e+01
8.641328748634479950e+01
8.679636956378078594e+01
8.717896133980116247e+01
8.756104175843920245e+01
8.794258976372827874e+01
8.832358429970170732e+01
8.870400431039277578e+01
8.908382873983482853e+01
8.946303653206118156e+01
8.984160663110515088e+01
9.021951798100010933e+01
9.059674952577930185e+01
9.097328020947610128e+01
9.134908897612380940e+01
9.172415476975574222e+01
9.209845653440525837e+01
9.247197321410561699e+01
9.284468375289019093e+01
9.321656709479231040e+01
9.358760218384523455e+01
9.395776796408237885e+01
9.432704337953695983e+01
9.469540737424237875e+01
9.506283889223193739e+01
9.542931687753893755e+01
9.579482027419670942e+01
9.615932802623861164e+01
9.652281907769788916e+01
9.688527237260792901e+01
9.724666685500204721e+01
9.760698146891354554e+01
9.796619515837575420e+01
9.832428686742197499e+01
9.868123554008556653e+01
9.903702012039983060e+01
9.939161955239809743e+01
9.974501278011368299e+01
1.000971787475799175e+02
1.004480963988300886e+02
1.007977446778975406e+02
1.011461025288156463e+02
1.014931488956176366e+02
1.018388627223368985e+02
1.021832229530067195e+02
1.025262085316604441e+02
1.028677984023314025e+02
1.032079715090528680e+02
1.035467067958582135e+02
1.038839832067807549e+02
1.042197796858537657e+02
1.045540751771106471e+02
1.048868486245846441e+02
1.052180789723091010e+02
1.055477451643173765e+02
1.058758261446427582e+02
1.062023008573185905e+02
1.065271482463781609e+02
1.068503472558548140e+02
1.071718768297818798e+02
1.074917159121926744e+02
1.078098434471205138e+02
1.081262383785987140e+02
1.084408796506606052e+02
1.087537462073395034e+02
1.090648169926687530e+02
1.093740709506816557e+02
1.096814870254115277e+02
1.099870441608917133e+02
1.102907213011555001e+02
1.105924973902362467e+02
1.108923513721672549e+02
1.111902621909818691e+02
1.114862087907133770e+02
1.117801701153951228e+02
1.120721251090604085e+02
1.123620527157425926e+02
1.126499318794749485e+02
1.129357415442908490e+02
1.132194606542235817e+02
1.135010681533064627e+02
1.137805429855728789e+02
1.140578640950560612e+02
1.143330104257893964e+02
1.146059609218061723e+02
1.148766945271397191e+02
1.151451901858233811e+02
1.154114268418904459e+02
1.156753834393742295e+02
1.159370389223081190e+02
1.161963722347253736e+02
1.164533623206593518e+02
1.167079881241433128e+02
1.169602285892106579e+02
1.172100626598946604e+02
1.174574692802286933e+02
1.177024273942460155e+02
1.179449159459799716e+02
1.181849138794638918e+02
1.184224001387310921e+02
1.186573536678149026e+02
1.188897534107486251e+02
1.191195783115656184e+02
1.193468073142991557e+02
1.195714193629826099e+02
1.197933934016492543e+02
1.200127083743324619e+02
1.202293432250655343e+02
1.204432768978817592e+02
1.206544883368144667e+02
1.208629564858970440e+02
1.210686602891627786e+02
1.212715786906449154e+02
1.214716906343768841e+02
1.216689750643919581e+02
1.218634109247234676e+02
1.220549771594047286e+02
1.222436527124691139e+02
1.224294165279498401e+02
1.226122475498802942e+02
1.227921247222938206e+02
1.229690269892236785e+02
1.231429332947032549e+02
1.233138225827658090e+02
1.234816737974447562e+02
1.236464658827732848e+02
1.238081777827848100e+02
1.239667884415126480e+02
1.241222768029901005e+02
1.242746218112505119e+02
1.244238024103271840e+02
1.245697975442534187e+02
1.247125861570625887e+02
1.248521471927879816e+02
1.249884595954628992e+02
1.251215023091207001e+02
1.252512542777946862e+02
1.253776944455182445e+02
1.255008017563245630e+02
1.256205551542471142e+02
1.257369335833191144e+02
1.258499159875739366e+02
1.259594813110448683e+02
1.260656084977652824e+02
1.261682764917684381e+02
1.262674642370876654e+02
1.263631506777563516e+02
1.264553147578077699e+02
1.265439354212752221e+02
1.266289916121920669e+02
1.267104622745916203e+02
1.267883263525072266e+02
1.268625627899721451e+02
1.269331505310197485e+02
1.270000685196833530e+02
1.270632956999962602e+02
1.271228110159917719e+02
1.271785934117032753e+02
1.272306218311640578e+02
1.272788752184074212e+02
1.273233325174667243e+02
1.273639726723752545e+02
1.274007746271663564e+02
1.274337173258734026e+02
1.274627797125296098e+02
1.274879407311683366e+02
1.275091793258229700e+02
1.275264744405267265e+02
1.275398050193130217e+02
1.275491500062151147e+02
1.275544883452663640e+02
1.275557989805000716e+02
1.275530608559495533e+02
1.275462529156481821e+02
1.275353541036292029e+02
1.275203433639259742e+02
1.275011996405718833e+02
1.274779018776001180e+02
1.274504290190441225e+02
1.274187600089371699e+02
1.273828737913125337e+02
1.273427493102036010e+02
1.272983655096436735e+02
1.272497013336660814e+02
1.271967357263041265e+02
1.271394476315911959e+02
1.270778159935605061e+02
1.270118197562454441e+02
1.269414378636793685e+02
1.268666492598954960e+02
1.267874328889272135e+02
1.267037676948078513e+02
1.266156326215707395e+02
1.265230066132491231e+02
1.264258686138764176e+02
1.263241975674858679e+02
1.262179724181108469e+02
1.261071721097846847e+02
1.259917755865406974e+02
1.258717617924121583e+02
1.257471096714323977e+02
1.256177981676348310e+02
1.254838062250526605e+02
1.253451127877192874e+02
1.252016967996679710e+02
1.250535372049320983e+02
1.249006158324822024e+02
1.247429506485641895e+02
1.245805842308079718e+02
1.244135596294486277e+02
1.242419198947211925e+02
1.240657080768607443e+02
1.238849672261023187e+02
1.236997403926810222e+02
1.235100706268318476e+02
1.233160009787899014e+02
1.231175744987902334e+02
1.229148342370679075e+02
1.227078232438579732e+02
1.224965845693954662e+02
1.222811612639154788e+02
1.220615963776531032e+02
1.218379329608433181e+02
1.216102140637212443e+02
1.213784827365219030e+02
1.211427820294803439e+02
1.209031549928317162e+02
1.206596446768109558e+02
1.204122941316532263e+02
1.201611464075935061e+02
1.199062445548668876e+02
1.196476316237084490e+02
1.193853506643532398e+02
1.191194447270362957e+02
1.188499568619926947e+02
1.185769301194574865e+02
1.183004075496657634e+02
1.180204322028525041e+02
1.177370471292528862e+02
1.174502953791018456e+02
1.171602200026345315e+02
1.168668640500859794e+02
1.165702705716912106e+02
1.162704826176853459e+02
1.159675432383033780e+02
1.156614954837804135e+02
1.153523824043515305e+02
1.150402470502517218e+02
1.147251324717161083e+02
1.144070817189796827e+02
1.140861378422775658e+02
1.137623438918447931e+02
1.134357429179164143e+02
1.131063779707275359e+02
1.127742921005131365e+02
1.124395283575083226e+02
1.121021297919481725e+02
1.117621394540677215e+02
1.114196003941020336e+02
1.110745556622861443e+02
1.107270483088551316e+02
1.103771213840440879e+02
1.100248179380879918e+02
1.096701810212220067e+02
1.093132536836810829e+02
1.089540789757003409e+02
1.085926999475148733e+02
1.082291596493596444e+02
1.078635011314698176e+02
1.074957674440803572e+02
1.071260016374263699e+02
1.067542467617429480e+02
1.063805458672650701e+02
1.060049420042278854e+02
1.056274782228663724e+02
1.052481975734156094e+02
1.048671431061107029e+02
1.044843578711866598e+02
1.040998849188785869e+02
1.037137672994214768e+02
1.033260480630504503e+02
1.029367702600005572e+02
1.025459769405068187e+02
1.021537111548043413e+02
1.017600159531281321e+02
1.013649343857132692e+02
1.009685095027948734e+02
1.005707843546079232e+02
1.001718019913875253e+02
9.977160546336867242e+01
9.937023782078648537e+01
9.896774211387605646e+01
9.856416139287235012e+01
9.815953870801051551e+01
9.775391710952553126e+01
9.734733964765248970e+01
9.693984937262649737e+01
9.653148933468253290e+01
9.612230258405573124e+01
9.571233217098108526e+01
9.530162114569367304e+01
9.489021255842860114e+01
9.447814945942086240e+01
9.406547489890556335e+01
9.365223192711772526e+01
9.323846359429239783e+01
9.282421295066474443e+01
9.240952304646968685e+01
9.199443693194240268e+01
9.157899765731785635e+01
9.116324827283111176e+01
9.074723182871731808e+01
9.033099137521145394e+01
8.991456996254864009e+01
8.949801064096382675e+01
8.908135646069219149e+01
8.866465047196875560e+01
8.824793572502851191e+01
8.783125527010666644e+01
8.741465215743811257e+01
8.699816943725798524e+01
8.658185015980139099e+01
8.616573737530330845e+01
8.574987413399887259e+01
8.533430348612303362e+01
8.491906848191094070e+01
8.450421217159767195e+01
8.408977760541817759e+01
8.367580783360764940e+01
8.326234590640102340e+01
8.284943487403342033e+01
8.243711778673993251e+01
8.202543769475553859e+01
8.161443764831540193e+01
8.120416069765445855e+01
8.079464989300782918e+01
8.038594828461062036e+01
7.997809892269779652e+01
7.957114485750452104e+01
7.916512913926572992e+01
7.876009481821657232e+01
7.835608494459211215e+01
7.795314256862732805e+01
7.755131074055739759e+01
7.715063251061724259e+01
7.675115092904201219e+01
7.635290904606678453e+01
7.595594991192653822e+01
7.556031657685640823e+01
7.516605209109138741e+01
7.477319950486656808e+01
7.438180186841704256e+01
7.399190223197780369e+01
7.360354364578398645e+01
7.321676916007055524e+01
7.283162182507263083e+01
7.244814469102530552e+01
7.206638080816352954e+01
7.168637322672250889e+01
7.130816499693713695e+01
7.093179916904259130e+01
7.055731879327393585e+01
7.018476691986612082e+01
6.981418659905432378e+01
6.944562088107355180e+01
6.907911281615882615e+01
6.871470545454531020e+01
6.835244184646796839e+01
6.799236504216190724e+01
6.763451809186213382e+01
6.727894404580376886e+01
6.692568595422186206e+01
6.657478686735143469e+01
6.622628983542759329e+01
6.588023790868533069e+01
6.553667413735976766e+01
6.519564157168596807e+01
6.485718326189892480e+01
6.452134225823377278e+01
6.418816161092553330e+01
6.385768437020924182e+01
6.352995358632001910e+01
6.320501230949287219e+01
6.288290358996287921e+01
6.256367047796510406e+01
6.224735602373456089e+01
6.193400327750642020e+01
6.162365528951560378e+01
6.131635510999728922e+01
6.101214578918644094e+01
6.071107037731817258e+01
6.041317192462752672e+01
6.011849348134957438e+01
5.982707809771937235e+01
5.953896882397194901e+01
5.925420871034241088e+01
5.897284080706580056e+01
5.869490816437714642e+01
5.842045383251154789e+01
5.814952086170404044e+01
5.788215230218968799e+01
5.761839120420358284e+01
5.735828061798071076e+01
5.710186359375619958e+01
5.684918318176507768e+01
5.660028243224240185e+01
5.635520439542325732e+01
5.611399212154266536e+01
5.587668866083573249e+01
5.564333706353747999e+01
5.541398037988295755e+01
5.518866166010726459e+01
5.496742395444544371e+01
5.475031031313254459e+01
5.453736378640361693e+01
5.432862742449374593e+01
5.412414427763798130e+01
5.392395739607135852e+01
5.372810983002898411e+01
5.353664462974587934e+01
5.334960484545710813e+01
5.316703352739776278e+01
5.298897372580286458e+01
5.281546849090752005e+01
5.264656087294669362e+01
5.248229392215553446e+01
5.232271068876906384e+01
5.216785422302233144e+01
5.201776757515042959e+01
5.187249379538843641e+01
5.173207593397130211e+01
5.159655704113420427e+01
5.146598016711217838e+01
5.134038836214024570e+01
5.121982467645347015e+01
5.110433216028692982e+01
5.099395386387568863e+01
5.088873283745476783e+01
5.078871213125927397e+01
5.069393479552422832e+01
5.060444388048472319e+01
5.052028243637577987e+01
5.044149351343247645e+01
5.036812016188991947e+01
5.030020543198308758e+01
5.023779237394708730e+01
5.018092403801696832e+01
5.012964347442778035e+01
5.008399373341458727e+01
5.004401786521246720e+01
5.000975892005644141e+01
4.998125994818158802e+01
4.995856399982298512e+01
4.994171412521568243e+01
4.993075337459470120e+01
4.992572479819513376e+01
4.992667144625205822e+01
4.993363636900052427e+01
4.994666261667556739e+01
4.996579323951223728e+01
4.999107128774565467e+01
5.002253248221911264e+01
5.006013563863051274e+01
5.010379363248220841e+01
5.015341872302308701e+01
5.020892316950205725e+01
5.027021923116799229e+01
5.033721916726980794e+01
5.040983523705641289e+01
5.048797969977666611e+01
5.057156481467950471e+01
5.066050284101379475e+01
5.075470603802845204e+01
5.085408666497236396e+01
5.095855698109443921e+01
5.106802924564357227e+01
5.118241571786864341e+01
5.130162865701856134e+01
5.142558032234222054e+01
5.155418297308854392e+01
5.168734886850639043e+01
5.182499026784466878e+01
5.196701943035228766e+01
5.211334861527812023e+01
5.226389008187109653e+01
5.241855608938009681e+01
5.257725889705401556e+01
5.273991076414175438e+01
5.290642394989218644e+01
5.307671071355426307e+01
5.325068331437683611e+01
5.342825401160880716e+01
5.360933506449909203e+01
5.379383873229655677e+01
5.398167727425014562e+01
5.417276294960872463e+01
5.436700801762118829e+01
5.456432473753644530e+01
5.476462536860336883e+01
5.496782217007091020e+01
5.517382740118789286e+01
5.538255332120327523e+01
5.559391218936593759e+01
5.580781626492475311e+01
5.602417780712865891e+01
5.624290907522649974e+01
5.646392232846722692e+01
5.668712982609972073e+01
5.691244382737284013e+01
5.713977659153555066e+01
5.736904037783667576e+01
5.760014744552516675e+01
5.783301005384991100e+01
5.806754046205976749e+01
5.830365092940370175e+01
5.854125371513053722e+01
5.878026107848922521e+01
5.902058527872864602e+01
5.926213857509767990e+01
5.950483322684524978e+01
5.974858149322022172e+01
5.999329563347153282e+01
6.023888790684807049e+01
6.048527057259867945e+01
6.073235588997234657e+01
6.098005611821787397e+01
6.122828351658423429e+01
6.147695034432030781e+01
6.172596886067494637e+01
6.197525132489710131e+01
6.222470999623563159e+01
6.247425713393946012e+01
6.272380499725748138e+01
6.297326584543856853e+01
6.322255193773165161e+01
6.347157553338560376e+01
6.372024889164934791e+01
6.396848427177176433e+01
6.421619393300170486e+01
6.446329013458816348e+01
6.470968513577994941e+01
6.495529119582602107e+01
6.520002057397523743e+01
6.544378552947650007e+01
6.568649832157872481e+01
6.592807120953079902e+01
6.616841645258161009e+01
6.640744630998008802e+01
6.664507304097506335e+01
6.688120890481550873e+01
6.711576616075025470e+01
6.734865706802825969e+01
6.757979388589841108e+01
6.780908887360953941e+01
6.803645429041061732e+01
6.826180239555050377e+01
6.848504544827811458e+01
6.870609570784235132e+01
6.892486543349205874e+01
6.914126688447620950e+01
6.935521232004363412e+01
6.956661399944329105e+01
6.977538418192403924e+01
6.998143512673476607e+01
7.018467909312440156e+01
7.038502834034181888e+01
7.058239512763593382e+01
7.077669171425563377e+01
7.096783035944979190e+01
7.115572332246733822e+01
7.134028286255714590e+01
7.152142123896815917e+01
7.169905071094923699e+01
7.187308353774926672e+01
7.204343197861714998e+01
7.221000829280180255e+01
7.237272473955212604e+01
7.253149357811699360e+01
7.268622706774530684e+01
7.283683746768598155e+01
7.298323703718787669e+01
7.312533803549993650e+01
7.326305272187106254e+01
7.339629335555007117e+01
7.352497219578594922e+01
7.364900150182754146e+01
7.376829353292377789e+01
7.388276054832351747e+01
7.399231480727570442e+01
7.409686856902918350e+01
7.419633409283289893e+01
7.429062363793572388e+01
7.437964946358657414e+01
7.446332382903432290e+01
7.454155899352785752e+01
7.461426721631610803e+01
7.468136075664796181e+01
7.474275187377230623e+01
7.479835282693804288e+01
7.484807587539405915e+01
7.489183327838927084e+01
7.492953729517257955e+01
7.496110018499285843e+01
7.498643420709902330e+01
7.500545240478140840e+01
7.501811845782832222e+01
7.502447667202129367e+01
7.502457854493118816e+01
7.501847557412894218e+01
7.500621925718547800e+01
7.498786109167171787e+01
7.496345257515855565e+01
7.493304520521689938e+01
7.489669047941768554e+01
7.485443989533185061e+01
7.480634495053024580e+01
7.475245714258383600e+01
7.469282796906352928e+01
7.462750892754023369e+01
7.455655151558487148e+01
7.448000723076833651e+01
7.439792757066156526e+01
7.431036403283545155e+01
7.421736811486093188e+01
7.411899131430894272e+01
7.401528512875036370e+01
7.390630105575610287e+01
7.379209059289709671e+01
7.367270523774423907e+01
7.354819648786849484e+01
7.341861584084071524e+01
7.328401479423185094e+01
7.314444484561283844e+01
7.299995749255454314e+01
7.285060423262791574e+01
7.269643656340385007e+01
7.253750598245325421e+01
7.237386398734706461e+01
7.220556207565620355e+01
7.203265174495160750e+01
7.185518449280411346e+01
7.167321181678468633e+01
7.148678521446421996e+01
7.129595618341366503e+01
7.110077622120394381e+01
7.090129682540592171e+01
7.069756949359052101e+01
7.048964572332867817e+01
7.027757701219131548e+01
7.006141485774936939e+01
6.984121075757367691e+01
6.961701620923520295e+01
6.938888271030484134e+01
6.915686175835355698e+01
6.892100485095225793e+01
6.868136348567178118e+01
6.843798916008309163e+01
6.819093337175711156e+01
6.794024761826476322e+01
6.768598339717699730e+01
6.742819220606463659e+01
6.716692554249863178e+01
6.690223490404989093e+01
6.663417178828936471e+01
6.636278769278800382e+01
6.608813411511661684e+01
6.581026255284616866e+01
6.552922450354759576e+01
6.524507146479177777e+01
6.495785493414969380e+01
6.466762640919216665e+01
6.437443738749016120e+01
6.407833936661457130e+01
6.377938384413635475e+01
6.347762231762643381e+01
6.317310628465565969e+01
6.286588724279496176e+01
6.255601668961527650e+01
6.224354612268750486e+01
6.192852703958264726e+01
6.161101093787148386e+01
6.129104931512499377e+01
6.096869366891408504e+01
6.064399549680966572e+01
6.031700629638273625e+01
5.998777756520406967e+01
5.965636080084464510e+01
5.932280750087539190e+01
5.898716916286721812e+01
5.864949728439108867e+01
5.830984336301779081e+01
5.796825889631833206e+01
5.762479538186360628e+01
5.727950431722452862e+01
5.693243719997209240e+01
5.658364552767706357e+01
5.623318079791044966e+01
5.588109450824313740e+01
5.552743815624604906e+01
5.517226323949017797e+01
5.481562125554629006e+01
5.445756370198537866e+01
5.409814207637837313e+01
5.373740787629614601e+01
5.337541259930972615e+01
5.301220774298985816e+01
5.264784480490754959e+01
5.228237528263370137e+01
5.191585067373922868e+01
5.154832247579512483e+01
5.117984218637218419e+01
5.081046130304135033e+01
5.044023132337354554e+01
5.006920374493970627e+01
4.969743006531081164e+01
4.932496178205762760e+01
4.895185039275115457e+01
4.857814739496230061e+01
4.820390428626197377e+01
4.782917256422116736e+01
4.745400372641064024e+01
4.707844927040140703e+01
4.670256069376434738e+01
4.632638949407042617e+01
4.594998716889057278e+01
4.557340521579560289e+01
4.519669513235648139e+01
4.481990841614411636e+01
4.444309656472944425e+01
4.406631107568345129e+01
4.368960344657689632e+01
4.331302517498078686e+01
4.293662775846599544e+01
4.256046269460347276e+01
4.218458148096421212e+01
4.180903561511894395e+01
4.143387659463870420e+01
4.105915591709437251e+01
4.068492508005689956e+01
4.031123558109722893e+01
3.993813891778614789e+01
3.956568658769465685e+01
3.919393008839366388e+01
3.882292091745408413e+01
3.845271057244688961e+01
3.808335055094288180e+01
3.771489235051303979e+01
3.734738746872827164e+01
3.698088740315947121e+01
3.661544365137766022e+01
3.625110771095357620e+01
3.588793107945824090e+01
3.552596525446256237e+01
3.516526173353743445e+01
3.480587201425387178e+01
3.444784759418263320e+01
3.409123997089469071e+01
3.373610064196096658e+01
3.338248110495239018e+01
3.303043285743995483e+01
3.268000739699440516e+01
3.233125622118675579e+01
3.198423082758790059e+01
3.163898271376874050e+01
3.129556337730030435e+01
3.095402431575332969e+01
3.061441702669883114e+01
3.027679300770771675e+01
2.994120370285709143e+01
2.960768473031750858e+01
2.927623389041536583e+01
2.894684345372880685e+01
2.861950569083592200e+01
2.829421287231481585e+01
2.797095726874362853e+01
2.764973115070033316e+01
2.733052678876308406e+01
2.701333645350996804e+01
2.669815241551908258e+01
2.638496694536856779e+01
2.607377231363640391e+01
2.576456079090073814e+01
2.545732464773966441e+01
2.515205615473126599e+01
2.484874758245370430e+01
2.454739120148494891e+01
2.424797928240313638e+01
2.395050409578637840e+01
2.365495791221275468e+01
2.336133300226041598e+01
2.306962163650733899e+01
2.277981608553167092e+01
2.249190861991150570e+01
2.220589151022492302e+01
2.192175702705008788e+01
2.163949744096496630e+01
2.135910502254771259e+01
2.108057204237641358e+01
2.080389077102915607e+01
2.052905347908409439e+01
2.025605243711920878e+01
1.998487991571264644e+01
1.971552818544248353e+01
1.944798951688683175e+01
1.918225618062381699e+01
1.891832044723144435e+01
1.865617458728784328e+01
1.839581087137110416e+01
1.813722157005932445e+01
1.788039895393064427e+01
1.762533529356305095e+01
1.737202285953468817e+01
1.712045392242364983e+01
1.687062075280801920e+01
1.662251562126594351e+01
1.637613079837541363e+01
1.613145855471456613e+01
1.588849116086149493e+01
1.564722088739429395e+01
1.540764000489109797e+01
1.516974078392990499e+01
1.493351549508885157e+01
1.469895640894602984e+01
1.446605579607953196e+01
1.423480592706748915e+01
1.400519907248790830e+01
1.377722750291892240e+01
1.355088348893862538e+01
1.332615930112510760e+01
1.310304721005650030e+01
1.288153948631080858e+01
1.266162840046616722e+01
1.244330622310066659e+01
1.222656522479240060e+01
1.201139767611950049e+01
1.179779584765997313e+01
1.158575200999195154e+01
1.137525843369353318e+01
1.116630738934279776e+01
1.095889114751788185e+01
1.075300197879679587e+01
1.054863215375767105e+01
1.034577394297859776e+01
1.014441961703766992e+01
9.944561446513015213e+00
9.746191701982647615e+00
9.549302654024698356e+00
9.353886573217252476e+00
9.159935730138407450e+00
8.967442395366285623e+00
8.776398839478909863e+00
8.586797333054406067e+00
8.398630146670862828e+00
8.211889550906381174e+00
8.026567816339072792e+00
7.842657213546964989e+00
7.660150013108186329e+00
7.479038485600823627e+00
7.299314901602969030e+00
7.120971531692751100e+00
6.944000646448189151e+00
6.768394516447408193e+00
6.594145412268504813e+00
6.421245604489561387e+00
6.249687363688708253e+00
6.079462960443962061e+00
5.910564665333462031e+00
5.742984748935288764e+00
5.576715481827529075e+00
5.411749134588317744e+00
5.248077977795668758e+00
5.085694282027720448e+00
4.924590317862546307e+00
4.764758355878257134e+00
4.606190666652954846e+00
4.448879520764684514e+00
4.292817188791564043e+00
4.137995941311674031e+00
3.984408048903122612e+00
3.832045782144013479e+00
3.680901411612393481e+00
3.530967207886368975e+00
3.382235441544046761e+00
3.234698383163506996e+00
3.088348303322865362e+00
2.943177472600169597e+00
2.799178161573523838e+00
2.656342640821037993e+00
2.514663180920780228e+00
2.374132052450891983e+00
2.234741525989387245e+00
2.096483872114407010e+00
1.959351361404030101e+00
1.823336264436341558e+00
1.688430851789470832e+00
1.554627394041443900e+00
1.421918161770394651e+00
1.290295425554396580e+00
1.159751455971555156e+00
1.030278523599977181e+00
9.018688990177103904e-01
7.745148528028664714e-01
6.482086555335326850e-01
5.229425777878100590e-01
3.987088901438000654e-01
2.754998631795628761e-01
1.533077674731968543e-01
3.212487360280658066e-02
-8.805654785352112768e-02
-2.072442263176794697e-01
-3.254458912116175995e-01
-4.426692719572198342e-01
-5.589220979763984687e-01
-6.742120986910618008e-01
-7.885470035230888186e-01
-9.019345418944535453e-01
-1.014382443227018982e+00
-1.125898436942701863e+00
-1.236490252463418038e+00
-1.346165619211049602e+00
-1.454932266607552371e+00
-1.562797924074809330e+00
-1.669770321034730998e+00
-1.775857186909218122e+00
-1.881066251120183885e+00
-1.985405243089550353e+00
-2.088881892239210281e+00
-2.191503927991096390e+00
-2.293279079767083672e+00
-2.394215076989095081e+00
-2.494319649079051793e+00
-2.593600525458861661e+00
-2.692065435550413888e+00
-2.789722108775633203e+00
-2.886578274556420354e+00
-2.982641662314692077e+00
-3.077920001472361555e+00
-3.172421021451321543e+00
-3.266152451673497659e+00
-3.359122021560767557e+00
-3.451337460535091495e+00
-3.542806498018338246e+00
-3.633536863432426323e+00
-3.723536286199274237e+00
-3.812812495740768526e+00
-3.901373221478848130e+00
-3.989226192835405804e+00
-4.076379139232356508e+00
-4.162839790091603653e+00
-4.248615874835043549e+00
-4.333715122884608029e+00
-4.418145263662201394e+00
-4.501914026589725282e+00
-4.585029141089089322e+00
-4.667498336582204033e+00
-4.749329342490975492e+00
-4.830529888237336422e+00
-4.911107703243157374e+00
-4.991070516930362189e+00
-5.070426058720864049e+00
-5.149182058036579690e+00
-5.227346244299415190e+00
-5.304926346931273073e+00
-5.381930095354045207e+00
-5.458365218989676748e+00
-5.534239447260041800e+00
-5.609560509587076638e+00
-5.684336135392685563e+00
-5.758574054098755113e+00
-5.832281995127221563e+00
-5.905467687899966123e+00
-5.978138861838939278e+00
-6.050303246366016907e+00
-6.121968570903121076e+00
-6.193142564872136546e+00
-6.263832957695006698e+00
-6.334047478793614516e+00
-6.403793857589894500e+00
-6.473079823505742070e+00
-6.541913105963040209e+00
-6.610301434383750063e+00
-6.678252538189738630e+00
-6.745774146802940407e+00
-6.812873989645252593e+00
-6.879559796138554617e+00
-6.945839295704825389e+00
-7.011720217765910590e+00
-7.077210291743760706e+00
-7.142317247060258723e+00
-7.207048813137310717e+00
-7.271412719396856517e+00
-7.335416695260784437e+00
-7.399068470150979238e+00
-7.462375773489398512e+00
-7.525346334697914585e+00
-7.587987883198458405e+00
-7.650308148412928944e+00
-7.712314859763219843e+00
-7.774015746671285143e+00
-7.835418538558982959e+00
-7.896530964848256673e+00
-7.957360754960998150e+00
-8.017915638319117022e+00
-8.078203344344537129e+00
-8.138231602459139680e+00
-8.198008142084862726e+00
-8.257540692643615898e+00
-8.316836983557287510e+00
-8.375904744247776534e+00
-8.434751704137035233e+00
-8.493385592646919946e+00
-8.551814139199390041e+00
-8.610045073216323175e+00
-8.668086124119632530e+00
-8.725945021331234841e+00
-8.783629494273029081e+00
-8.841147272366939092e+00
-8.898506085034870949e+00
-8.955713661698712968e+00
-9.012777731780388990e+00
-9.069706024701812197e+00
-9.126506269884899325e+00
-9.183186196751531583e+00
-9.239753534723654127e+00
-9.296216013223112640e+00
-9.352581361671898463e+00
-9.408857309491857279e+00
-9.465051586104937797e+00
-9.521171920933042543e+00
-9.577226043398049171e+00
-9.633221682921888629e+00
-9.689166568926474099e+00
-9.745068430833715212e+00
-9.800934998065535808e+00
-9.856774000043774464e+00
-9.912593166190418970e+00
-9.968400225927357639e+00
