-1.529522505827463630e-01
-1.529395716302805186e-01
-1.529015358756569409e-01
-1.528381466272011324e-01
-1.527494093988048807e-01
-1.526353319099487127e-01
-1.524959240857324538e-01
-1.523311980569120871e-01
-1.521411681599409704e-01
-1.519258509370134125e-01
-1.516852651361079996e-01
-1.514194317110278132e-01
-1.511283738214336259e-01
-1.508121168328672712e-01
-1.504706883167601650e-01
-1.501041180504227857e-01
-1.497124380170104518e-01
-1.492956824054601228e-01
-1.488538876103919495e-01
-1.483870922319707186e-01
-1.478953370757200569e-01
-1.473786651522828173e-01
-1.468371216771212906e-01
-1.462707540701489728e-01
-1.456796119552873081e-01
-1.450637471599385830e-01
-1.444232137143672268e-01
-1.437580678509808030e-01
-1.430683680035020888e-01
-1.423541748060227485e-01
-1.416155510919297755e-01
-1.408525618926947942e-01
-1.400652744365162294e-01
-1.392537581468047680e-01
-1.384180846405014265e-01
-1.375583277262178161e-01
-1.366745634021880040e-01
-1.357668698540213104e-01
-1.348353274522444134e-01
-1.338800187496223815e-01
-1.329010284782466966e-01
-1.318984435463790572e-01
-1.308723530350396347e-01
-1.298228481943279611e-01
-1.287500224394644011e-01
-1.276539713465413284e-01
-1.265347926479712670e-01
-1.253925862276205339e-01
-1.242274541156170309e-01
-1.230395004828192113e-01
-1.218288316349354361e-01
-1.205955560062815513e-01
-1.193397841531645825e-01
-1.180616287468816417e-01
-1.167612045663218023e-01
-1.154386284901598447e-01
-1.140940194886303771e-01
-1.127274986148712327e-01
-1.113391889958251502e-01
-1.099292158226885391e-01
-1.084977063408972264e-01
-1.070447898396383601e-01
-1.055705976408782831e-01
-1.040752630878966772e-01
-1.025589215333169574e-01
-1.010217103266238120e-01
-9.946376880115870289e-02
-9.788523826058440069e-02
-9.628626196481028521e-02
-9.466698511537066651e-02
-9.302755484024757826e-02
-9.136812017813164544e-02
-8.968883206211357428e-02
-8.798984330280001931e-02
-8.627130857084774895e-02
-8.453338437891051715e-02
-8.277622906299361705e-02
-8.100000276321127346e-02
-7.920486740394298841e-02
-7.739098667338514814e-02
-7.555852600249478301e-02
-7.370765254332278804e-02
-7.183853514673491092e-02
-6.995134433951875896e-02
-6.804625230087604781e-02
-6.612343283829989760e-02
-6.418306136283724594e-02
-6.222531486373740484e-02
-6.025037188248823922e-02
-5.825841248624205604e-02
-5.624961824063383353e-02
-5.422417218199514916e-02
-5.218225878896799036e-02
-5.012406395352252131e-02
-4.804977495138468974e-02
-4.595958041187900994e-02
-4.385367028719315552e-02
-4.173223582107150192e-02
-3.959546951694564720e-02
-3.744356510550965467e-02
-3.527671751174970421e-02
-3.309512282143743656e-02
-3.089897824709716967e-02
-2.868848209345831526e-02
-2.646383372240394480e-02
-2.422523351742788059e-02
-2.197288284761305874e-02
-1.970698403114400088e-02
-1.742774029836820573e-02
-1.513535575441912577e-02
-1.283003534141758002e-02
-1.051198480026615395e-02
-8.181410632051928228e-03
-5.838520059075842129e-03
-3.483520985523507352e-03
-1.116621957796820738e-03
1.261967875476577858e-03
3.652038803738178688e-03
6.053380595077345605e-03
8.465782537076901870e-03
1.088903347790379575e-02
1.332292186762678958e-02
1.576723579973988987e-02
1.822176305287068893e-02
2.068629113265415057e-02
2.316060731374880791e-02
2.564449868197534593e-02
2.813775217655576505e-02
3.064015463243039208e-02
3.315149282263233493e-02
3.567155350069561165e-02
3.820012344307534974e-02
4.073698949155875326e-02
4.328193859564193058e-02
4.583475785485298382e-02
4.839523456099655702e-02
5.096315624029832542e-02
5.353831069542734633e-02
5.612048604737275570e-02
5.870947077715366752e-02
6.130505376733885042e-02
6.390702434335518434e-02
6.651517231456245682e-02
6.912928801507217669e-02
7.174916234429050410e-02
7.437458680716171888e-02
7.700535355409307559e-02
7.964125542053952789e-02
8.228208596622733906e-02
8.492763951399744105e-02
8.757771118824772549e-02
9.023209695295535127e-02
9.289059364926026408e-02
9.555299903258999972e-02
9.821911180930928409e-02
1.008887316728751954e-01
1.035616593394808743e-01
1.062376965831718229e-01
1.089166462704163618e-01
1.115983123941172439e-01
1.142825001070460478e-01
1.169690157546875303e-01
1.196576669074791016e-01
1.223482623924314894e-01
1.250406123241174783e-01
1.277345281350165396e-01
1.304298226052024723e-01
1.331263098913642307e-01
1.358238055551467816e-01
1.385221265908045396e-01
1.412210914521555005e-01
1.439205200788281902e-01
1.466202339217936301e-01
1.493200559681725770e-01
1.520198107653137620e-01
1.547193244441341653e-01
1.574184247417167448e-01
1.601169410231607082e-01
1.628147043026783036e-01
1.655115472639359653e-01
1.682073042796347895e-01
1.709018114303291758e-01
1.735949065224798582e-01
1.762864291057412713e-01
1.789762204894818631e-01
1.816641237585359947e-01
1.843499837881893977e-01
1.870336472583976617e-01
1.897149626672398059e-01
1.923937803436087390e-01
1.950699524591406053e-01
1.977433330393866262e-01
2.004137779742312664e-01
2.030811450275593899e-01
2.057452938461780956e-01
2.084060859679984223e-01
2.110633848294811710e-01
2.137170557723543640e-01
2.163669660496072844e-01
2.190129848307687255e-01
2.216549832064766690e-01
2.242853870062728738e-01
2.268971089519914719e-01
2.294907421330268926e-01
2.320668669796632777e-01
2.346260517299452453e-01
2.371688528802870788e-01
2.396958156205405699e-01
2.422074742542055514e-01
2.447043526044387907e-01
2.471869644064869087e-01
2.496558136871403488e-01
2.521113951317818236e-01
2.545541944395739997e-01
2.569846886673110009e-01
2.594033465624327461e-01
2.618106288856824060e-01
2.642069887238644443e-01
2.665928717931432823e-01
2.689687167333028595e-01
2.713349553933709912e-01
2.736920131089956021e-01
2.760403089719436487e-01
2.783802560920777824e-01
2.807122618521557533e-01
2.830367281557770731e-01
2.853540516687964601e-01
2.876646240545047695e-01
2.899688322028704524e-01
2.922670584541228189e-01
2.945596808169470560e-01
2.968470731815527897e-01
2.991296055278659383e-01
3.014076441290878816e-01
3.036815517508559825e-01
3.059516878462297806e-01
3.082184087467244038e-01
3.104820678496004183e-01
3.127430158016153983e-01
3.150016006794360002e-01
3.172581681669019438e-01
3.195130617293301944e-01
3.217666227850386473e-01
3.240191908742663940e-01
3.262711038256622120e-01
3.285226979205073117e-01
3.307743080548370962e-01
3.330262678996177561e-01
3.352789100591352378e-01
3.375325662277480210e-01
3.397875673451498657e-01
3.420442437502924649e-01
3.443029253341061136e-01
3.465639416911620030e-01
3.488276222704121965e-01
3.510942965251439007e-01
3.533642940622823692e-01
3.556379447911734992e-01
3.579155790719774632e-01
3.601975278638022138e-01
3.624841228727053166e-01
3.647756966996907879e-01
3.670725829888275005e-01
3.693751165756133936e-01
3.716836336357127180e-01
3.739984718341872183e-01
3.763199704753505404e-01
3.786484706533645994e-01
3.809843154037062529e-01
3.833278498556272340e-01
3.856794213857316356e-01
3.880393797727982874e-01
3.904080773539712057e-01
3.927858691824477333e-01
3.951731131867901592e-01
3.975701703319902136e-01
3.999774047824170564e-01
4.023951840667790991e-01
4.048238792452321655e-01
4.072638650787706038e-01
4.097155202010333563e-01
4.121792272926684264e-01
4.146553732583895813e-01
4.171443494068722280e-01
4.196465516336306267e-01
4.221623806070217699e-01
4.246922419575285823e-01
4.272365464704707128e-01
4.297957102822990705e-01
4.323701550806307026e-01
4.349603083081848842e-01
4.375666033707831803e-01
4.401894798495805672e-01
4.428293837176955905e-01
4.454867675614158640e-01
4.481620908061522690e-01
4.508558199473241546e-01
4.535684287863588904e-01
4.563003986719928462e-01
4.590522187470665871e-01
4.618243862010069090e-01
4.646174065281997168e-01
4.674317937924514776e-01
4.702680708977514112e-01
4.731267698655420295e-01
4.760084321187159628e-01
4.789136087725581747e-01
4.818428609328559431e-01
4.847967600014049250e-01
4.877758879891433974e-01
4.907808378371480984e-01
4.938122137457336414e-01
4.968706315118940897e-01
4.999567188753363811e-01
5.030711158733526256e-01
5.062144752047835761e-01
5.093874626033282338e-01
5.125907572204568829e-01
5.158250520181851817e-01
5.190910541719703231e-01
5.223894854839891133e-01
5.257210828070619790e-01
5.290865984794801413e-01
5.324868007709976370e-01
5.359224743402456470e-01
5.393944207038233740e-01
5.429034587173158233e-01
5.464504250684845132e-01
5.500361747828677039e-01
5.536615817420235119e-01
5.573275392146329610e-01
5.610349604006761304e-01
5.647847789888739145e-01
5.685779497275738059e-01
5.724154490092472347e-01
5.762982754687286935e-01
5.802274505953260997e-01
5.842040193588774466e-01
5.882290508498217996e-01
5.923036389333060647e-01
5.964289029173072132e-01
6.006059882347173362e-01
6.048360671392782884e-01
6.091203394152036044e-01
6.134600331002656448e-01
6.178564052220525404e-01
6.223107425470343346e-01
6.268243623419830213e-01
6.313986131472089092e-01
6.360348755609709359e-01
6.407345630343072029e-01
6.454991226754114297e-01
6.503300360625429155e-01
6.552288200643135996e-01
6.601970276660354964e-01
6.652362488006248187e-01
6.703481111823818006e-01
6.755342811417384130e-01
6.807964644588451186e-01
6.861364071936106868e-01
6.915558965095438548e-01
6.970567614884376484e-01
7.026408739326244213e-01
7.083101491511724079e-01
7.140665467260226551e-01
7.199120712536450917e-01
7.258487730573666141e-01
7.318787488650233541e-01
7.380041424460963562e-01
7.442271452019229017e-01
7.505499967019839680e-01
7.569749851586378142e-01
7.635044478319695793e-01
7.701407713557221202e-01
7.768863919744709579e-01
7.837437956813982920e-01
7.907155182451307551e-01
7.978041451131834272e-01
8.050123111785619789e-01
8.123427003950537406e-01
8.197980452256408146e-01
8.273811259073493574e-01
8.350947695146501148e-01
8.429418488023213696e-01
8.509252808074140306e-01
8.590480251886641883e-01
8.673130822803887252e-01
8.757234908365680859e-01
8.842823254394858168e-01
8.929926935459796544e-01
9.018577321430778504e-01
9.108806039835493085e-01
9.200644933707526896e-01
9.294126014610935016e-01
9.389281410514997983e-01
9.486143308185623901e-01
9.584743889754494539e-01
9.685115263124343121e-01
9.787289385868872538e-01
9.891297982289798396e-01
9.997172453301598205e-01
1.010494377882758865e+00
1.021464241240952919e+00
1.032629816775783915e+00
1.043994009700160541e+00
1.055559636043753802e+00
1.067329408762550225e+00
1.079305922973667009e+00
1.091491640312840516e+00
1.103888872419982681e+00
1.116499763567267323e+00
1.129326272454544533e+00
1.142370153208444483e+00
1.155632935634356429e+00
1.169115904784546078e+00
1.182820079920980483e+00
1.196746192967854006e+00
1.210894666566260769e+00
1.225265591861778081e+00
1.239858706174684189e+00
1.254673370721884229e+00
1.269708548579018270e+00
1.284962783090331184e+00
1.300434176952199872e+00
1.316120372213323453e+00
1.332018531449886245e+00
1.348125320386947434e+00
1.364436892247317790e+00
1.380948874115558445e+00
1.397656355606979872e+00
1.414553880128950558e+00
1.431635439013951183e+00
1.448894468790244972e+00
1.466323851836278447e+00
1.483915920638998021e+00
1.501662465843886185e+00
1.519554748245956155e+00
1.537583514826586839e+00
1.555739018891204140e+00
1.574011044308564200e+00
1.592388933794360639e+00
1.610861621121447040e+00
1.629417667077419640e+00
1.648045298928916935e+00
1.666732453092630628e+00
1.685466820656818854e+00
1.704235895345972418e+00
1.723027023476481956e+00
1.741827455413907932e+00
1.760624398014144276e+00
1.779405067511926619e+00
1.798156742311557865e+00
1.816866815136651159e+00
1.835522844007891230e+00
1.854112601540198080e+00
1.872624122082287013e+00
1.891045746261649008e+00
1.909366162545317991e+00
1.927574445479798282e+00
1.945660090331120973e+00
1.963613043906246025e+00
1.981423731398580079e+00
1.999083079161822818e+00
2.016582533375909758e+00
2.033914074625752466e+00
2.051070228466201240e+00
2.068044072094601393e+00
2.084829237294747006e+00
2.101419909852301871e+00
2.117810825671915254e+00
2.133997263849936488e+00
2.149975036974108189e+00
2.165740478933186886e+00
2.181290430525240520e+00
2.196583973352335128e+00
2.211491137792658712e+00
2.226010754244607703e+00
2.240153419995678963e+00
2.253929732047137424e+00
2.267350242232209379e+00
2.280425418442010077e+00
2.293165611419875294e+00
2.305581026602745887e+00
2.317681700511910581e+00
2.329477481223170887e+00
2.340978012476627068e+00
2.352192721017809962e+00
2.363130806793790839e+00
2.373801235659402931e+00
2.384212734279412604e+00
2.394373786941829341e+00
2.404292634025382736e+00
2.413977271890327181e+00
2.423435453985989252e+00
2.432674692990966836e+00
2.441702263822463248e+00
2.450525207370065850e+00
2.459150334826412543e+00
2.467584232502612274e+00
2.475833267030294049e+00
2.483903590864638744e+00
2.491801148013970568e+00
2.499531679931517480e+00
2.507100731513793423e+00
2.514513657158003568e+00
2.521775626837835294e+00
2.528891632163144720e+00
2.535866492394526883e+00
2.542704860388456556e+00
2.549411228452919342e+00
2.555989934097059546e+00
2.562445165661554114e+00
2.568780967819193961e+00
2.575001246937524080e+00
2.581109776297459746e+00
2.587110201163588918e+00
2.593006043703346641e+00
2.598800707753598616e+00
2.604497483434217830e+00
2.610099551609207147e+00
2.615609988196682334e+00
2.621031768329665113e+00
2.626367770370204635e+00
2.631620779779742403e+00
2.636793492849012210e+00
2.641888520291035380e+00
2.646908390700969171e+00
2.651855553886752759e+00
2.656732384074570685e+00
2.661541182993258925e+00
2.666284182841784034e+00
2.670963549143954729e+00
2.675581383494506582e+00
2.680139726200648553e+00
2.684640558823132128e+00
2.689085806620822083e+00
2.693477340902666217e+00
2.697816981290901417e+00
2.702106497899206872e+00
2.706347613429452181e+00
2.710542005190562875e+00
2.714691307042934820e+00
2.718797111271727740e+00
2.722860970392254387e+00
2.726884398890586869e+00
2.730868874902398602e+00
2.734815841832949790e+00
2.738726709921043501e+00
2.742602857749663059e+00
2.746445633705921541e+00
2.750256357392863560e+00
2.754036320995556064e+00
2.757786790603842686e+00
2.761509007494040713e+00
2.765204189371780696e+00
2.768873531578129210e+00
2.772518208261044226e+00
2.776139373514166397e+00
2.779738162484865605e+00
2.783315692453417700e+00
2.786873063885127788e+00
2.790411361457146633e+00
2.793931655061705932e+00
2.797435000787421799e+00
2.800922441880297153e+00
2.804395009685998197e+00
2.807853724574948195e+00
2.811299596851759564e+00
2.814733627650470194e+00
2.818156809817052633e+00
2.821570128780624742e+00
2.824974563414762052e+00
2.828371086890321795e+00
2.831760667521148189e+00
2.835144269604029876e+00
2.838522854254272421e+00
2.841897380238239457e+00
2.845268804804225837e+00
2.848638084513003488e+00
2.852006176069422860e+00
2.855374037156424905e+00
2.858742627272848225e+00
2.862112908576439185e+00
2.865485846733464292e+00
2.868862411776374799e+00
2.872243578970987254e+00
2.875630329694663700e+00
2.879023652327028948e+00
2.882424543154781471e+00
2.885834007292211734e+00
2.889253059619070640e+00
2.892682725737496519e+00
2.896124042949759225e+00
2.899578061258631045e+00
2.903045844392275310e+00
2.906528470855602286e+00
2.910027035010115615e+00
2.913542648184372474e+00
2.917076439817240630e+00
2.920629558636254064e+00
2.924203173873461736e+00
2.927798476521261684e+00
2.931416680630848592e+00
2.935059024656003768e+00
2.938726772845109192e+00
2.942421216684389940e+00
2.946143676395547306e+00
2.949895502491104438e+00
2.953678077390950119e+00
2.957492817103745342e+00
2.961341172977058456e+00
2.965224633520274988e+00
2.969144726304571602e+00
2.973103019944433711e+00
2.977101126165476064e+00
2.981140701963547635e+00
2.985223451860381516e+00
2.989351130261343137e+00
2.993525543921108145e+00
2.997748554523433917e+00
3.002022081381516383e+00
3.006348104265752053e+00
3.010728666366128348e+00
3.015165877396804195e+00
3.019661916850878924e+00
3.024219037413739208e+00
3.028839568543821859e+00
3.033525920230080164e+00
3.038280586935894423e+00
3.043106151739670473e+00
3.048005290682842983e+00
3.052980777336511853e+00
3.058035487598462332e+00
3.063172404732811049e+00
3.068394624665064185e+00
3.073705361545861603e+00
3.079107953597184810e+00
3.084605869255291122e+00
3.090202713625055608e+00
3.095902235260835855e+00
3.101708333289285857e+00
3.107625064889818489e+00
3.113656653148606956e+00
3.119807495302012068e+00
3.126082171385267561e+00
3.132485453301927958e+00
3.139022314329063867e+00
-3.137487368107175989e+00
-3.130667573295077943e+00
-3.123697969422214449e+00
-3.116572673480408895e+00
-3.109285546577690962e+00
-3.101830181576068934e+00
-3.094199890235125761e+00
-3.086387689866855411e+00
-3.078386289513282303e+00
-3.070188075665843730e+00
-3.061785097554419188e+00
-3.053169052044657494e+00
-3.044331268194971685e+00
-3.035262691539782232e+00
-3.025953868183481887e+00
-3.016394928810688381e+00
-3.006575572743118929e+00
-2.996485052202270793e+00
-2.986112156970765152e+00
-2.975445199684197739e+00
-2.964472002030327680e+00
-2.953179882184266081e+00
-2.941555643867511893e+00
-2.929585567486235220e+00
-2.917255403880630205e+00
-2.904550371303237899e+00
-2.891455156340425603e+00
-2.877953919597961097e+00
-2.864030307089001415e+00
-2.849667468390441716e+00
-2.834848082770427879e+00
-2.819554394634422145e+00
-2.803768259786582284e+00
-2.787471204153628257e+00
-2.770644496764112841e+00
-2.753269238909582750e+00
-2.735326471525780345e+00
-2.716797302909081058e+00
-2.697663058910409806e+00
-2.677905457706999393e+00
-2.657506811119297652e+00
-2.636450254191063269e+00
-2.614720004356907435e+00
-2.592301650954395242e+00
-2.569182475068030769e+00
-2.545351798694216683e+00
-2.520801360970511773e+00
-2.495525717710710190e+00
-2.469522658738455778e+00
-2.442793635547244602e+00
-2.415344189693747978e+00
-2.387184370148507817e+00
-2.358329125713821028e+00
-2.328798656741116080e+00
-2.298618708938441557e+00
-2.267820791272157077e+00
-2.236442300056889376e+00
-2.204526532491425161e+00
-2.172122575280154511e+00
-2.139285057638667720e+00
-2.106073762863966081e+00
-2.072553098568286956e+00
-2.038791432306967799e+00
-2.004860306231330380e+00
-1.970833551037373343e+00
-1.936786325299293177e+00
-1.902794110748603496e+00
-1.868931696760974370e+00
-1.835272187981664915e+00
-1.801886067590195095e+00
-1.768840345316291307e+00
-1.736197814299661690e+00
-1.704016434703052640e+00
-1.672348855188423356e+00
-1.641242076505943670e+00
-1.610737255028777959e+00
-1.580869638496976481e+00
-1.551668621784095370e+00
-1.523157907308495762e+00
-1.495355752786568404e+00
-1.468275288274015322e+00
-1.441924884696740072e+00
-1.416436009173097199e+00
-1.392156403721259039e+00
-1.369052360996076745e+00
-1.347065219840188677e+00
-1.326137397122922446e+00
-1.306212881089861222e+00
-1.287237588554389411e+00
-1.269159610684530204e+00
-1.251929369046070883e+00
-1.235499700466367479e+00
-1.219825886357713829e+00
-1.204865639482739725e+00
-1.190579058800294465e+00
-1.176928561006750140e+00
-1.163878795671040356e+00
-1.151396549425757421e+00
-1.139450643489900550e+00
-1.128011827828112601e+00
-1.117052674464455553e+00
-1.106547471836664132e+00
-1.096472121572927172e+00
-1.086804038674997530e+00
-1.077522055779239096e+00
-1.068606331924689012e+00
-1.060038266070844060e+00
-1.051800415466211946e+00
-1.043876418862714095e+00
-1.036250924493128833e+00
-1.028909522672955212e+00
-1.021838682849504298e+00
-1.015025694895702824e+00
-1.008458614431040790e+00
-1.002126211944744938e+00
-9.960179254947110206e-01
-9.901238167584907046e-01
-9.844345302184133173e-01
-9.789412552709052528e-01
-9.736356910594744507e-01
-9.685100138410879245e-01
-9.635568467064656861e-01
-9.587692314856837150e-01
-9.541406026813648023e-01
-9.496647632823069785e-01
-9.453358623206662426e-01
-9.411483740456294544e-01
-9.370970785958280258e-01
-9.331770440615950735e-01
-9.293836098364514076e-01
-9.257123711650031561e-01
-9.221591648017205545e-01
-9.187200557018467828e-01
-9.153913246720323249e-01
-9.121694569141538533e-01
-9.090511314012691413e-01
-9.060332110297296682e-01
-9.031127334961988051e-01
-9.002869028527258344e-01
-8.975530816970990200e-01
-8.949087839595171179e-01
-8.923516682501818620e-01
-8.898795317357185430e-01
-8.874903045154739489e-01
-8.851820444716628211e-01
-8.829529325701137576e-01
-8.808012685910014961e-01
-8.787254672714616133e-01
-8.767240548444031889e-01
-8.747956659601616725e-01
-8.729390409799139272e-01
-8.711530236320049747e-01
-8.694365590245409781e-01
-8.677886920098297763e-01
-8.662085658984594039e-01
-8.646954215230974183e-01
-8.632485966544325429e-01
-8.618675257741112983e-01
-8.605517402120924642e-01
-8.593008686585494882e-01
-8.581146380633547510e-01
-8.569928749393169731e-01
-8.559355070887345596e-01
-8.549425657765656883e-01
-8.540141883776031229e-01
-8.531506215296086326e-01
-8.523522248294110870e-01
-8.516194751146562991e-01
-8.509529713802786999e-01
-8.503534403859740465e-01
-8.498217430191241650e-01
-8.493588814869393877e-01
-8.489660074222012964e-01
-8.486444309991679757e-01
-8.483956311701915665e-01
-8.482212671497341150e-01
-8.481231912911053605e-01
-8.481034635228845708e-01
-8.481643675371215441e-01
-8.483084289507618614e-01
-8.485384356960404828e-01
-8.488574609358655598e-01
-8.492688888475874442e-01
-8.497764436744965622e-01
-8.503842225106406083e-01
-8.510967323632744330e-01
-8.519189321310995933e-01
-8.528562802487333894e-01
-8.539147888826364996e-01
-8.551010857261933662e-01
-8.564224846381497391e-01
-8.578870666073183937e-01
-8.595037728175899394e-01
-8.612825119438919375e-01
-8.632342842485228873e-01
-8.653713255897107492e-01
-8.677072751280621166e-01
-8.702573713578755088e-01
-8.730386821463212987e-01
-8.760703757963820282e-01
-8.793740418415617599e-01
-8.829740724415926501e-01
-8.868981180262017761e-01
-8.911776344280689655e-01
-8.958485434286176385e-01
-9.009520347849201416e-01
-9.065355459306432273e-01
-9.126539663715028672e-01
-9.193711283441616811e-01
-9.267616650232167741e-01
-9.349133445156664335e-01
-9.439300250701118111e-01
-9.539354287108746666e-01
-9.650780032877750436e-01
-9.775372461669228352e-01
-9.915320104999257866e-01
-1.007331527999048459e+00
-1.025270191072267911e+00
-1.045767586393760773e+00
-1.069355922978619144e+00
-1.096717927549218929e+00
-1.128739559346454646e+00
-1.166583505423943734e+00
-1.211790973205189692e+00
-1.266419264348973561e+00
-1.333131719963956741e+00
-1.414078854826904985e+00
-1.512254337982418484e+00
-1.631097731753089919e+00
-1.773212478865243691e+00
-1.938522583739765937e+00
-2.122033393120828393e+00
-2.313097415371430987e+00
-2.498223373131788438e+00
-2.666176145649157725e+00
-2.811234702730962987e+00
-2.932823967727723691e+00
-3.033330846265115621e+00
-3.116160276357690329e+00
3.098527224630236443e+00
3.041490886232223634e+00
2.993598454601312575e+00
2.953028132111066739e+00
2.918361796842241507e+00
2.888496352376389353e+00
2.862570157857798669e+00
2.839905608830349149e+00
2.819965527591498322e+00
2.802320400248689669e+00
2.786623817686960436e+00
2.772594019118350683e+00
2.759999948808941284e+00
2.748650651117616750e+00
2.738387143727833095e+00
2.729076140854401533e+00
2.720605166734876512e+00
2.712878721576467811e+00
2.705815250247235682e+00
2.699344727909243513e+00
2.693406723365306288e+00
2.687948835032089256e+00
2.682925419642849807e+00
2.678296552497145822e+00
2.674027172074573411e+00
2.670086372376121453e+00
2.666446814356664419e+00
2.663084233921625632e+00
2.659977028657458220e+00
2.657105909099240826e+00
2.654453603167402864e+00
2.652004604620898487e+00
2.649744958119070404e+00
2.647662074866555582e+00
2.645744573916137377e+00
2.643982145085379099e+00
2.642365430151458749e+00
2.640885919561340778e+00
2.639535862359418505e+00
2.638308187413988648e+00
2.637196434334503792e+00
2.636194692726966160e+00
2.635297548645676002e+00
2.634500037274330797e+00
2.633797601014797429e+00
2.633186052283237100e+00
2.632661540414868551e+00
2.632220522164066434e+00
2.631859735358469177e+00
2.631576175326653111e+00
2.631367073770558562e+00
2.631229879797748694e+00
2.631162242866068368e+00
2.631161997425261134e+00
2.631227149067599136e+00
2.631355862023180503e+00
2.631546447855882320e+00
2.631797355233560509e+00
2.632107160661280698e+00
2.632474560079582915e+00
2.632898361241263530e+00
2.633377476790181859e+00
2.633910917974323862e+00
2.634497788933024331e+00
2.635137281504961848e+00
2.635828670509431593e+00
2.636571309458606738e+00
2.637364626663079914e+00
2.638208121697018349e+00
2.639101362192881606e+00
2.640043980938800328e+00
2.641035673254586325e+00
2.642076194624830787e+00
2.643165358569827816e+00
2.644303034737065961e+00
2.645489147197833013e+00
2.646723672935105576e+00
2.648006640510366605e+00
2.649338128898290901e+00
2.650718266479453966e+00
2.652147230182286375e+00
2.653625244766490532e+00
2.655152582241025794e+00
2.656729561410589913e+00
2.658356547545289050e+00
2.660033952168866733e+00
2.661762232961511820e+00
2.663541893773862856e+00
2.665373484749373301e+00
2.667257602552727036e+00
2.669194890702472733e+00
2.671186040006517715e+00
2.673231789099546063e+00
2.675332925081846724e+00
2.677490284259437026e+00
2.679704752985751171e+00
2.681977268605529652e+00
2.684308820501911441e+00
2.686700451248077659e+00
2.689153257865158242e+00
2.691668393188427544e+00
2.694247067344179403e+00
2.696890549339992837e+00
2.699600168771439712e+00
2.702377317648619659e+00
2.705223452346249058e+00
2.708140095681355497e+00
2.711128839122982193e+00
2.714191345138638134e+00
2.717329349682582773e+00
2.720544664831368475e+00
2.723839181572418777e+00
2.727214872751768659e+00
2.730673796187433222e+00
2.734218097955224636e+00
2.737850015854178753e+00
2.741571883059078729e+00
2.745386131967904486e+00
2.749295298252328212e+00
2.753302025119700680e+00
2.757409067795212554e+00
2.761619298233177311e+00
2.765935710066578235e+00
2.770361423804168943e+00
2.774899692284532815e+00
2.779553906396504459e+00
2.784327601075309744e+00
2.789224461583608150e+00
2.794248330086306797e+00
2.799403212527602047e+00
2.804693285818029125e+00
2.810122905338499510e+00
2.815696612767178753e+00
2.821419144233678011e+00
2.827295438803304251e+00
2.833330647291941062e+00
2.839530141409536412e+00
2.845899523226978811e+00
2.852444634957343350e+00
2.859171569037924243e+00
2.866086678494055739e+00
2.873196587559320836e+00
2.880508202519196814e+00
2.888028722736346143e+00
2.895765651805432217e+00
2.903726808773287260e+00
2.911920339346287356e+00
2.920354726990650462e+00
2.929038803812702429e+00
2.937981761084790033e+00
2.947190659642976662e+00
2.956568680761632262e+00
2.966062142461094897e+00
2.975671243241501784e+00
2.985396094582493554e+00
2.995236716549453337e+00
3.005193033386317492e+00
3.015264869112409318e+00
3.025451943142170030e+00
3.035753865948159547e+00
3.046170134789056405e+00
3.056700129525771636e+00
3.067343108550116604e+00
3.078098204851628772e+00
3.088964422249344643e+00
3.099940631816228365e+00
3.111025568524822926e+00
3.122217828143357465e+00
3.133515864411944740e+00
-3.138267320650776071e+00
-3.126762950203185731e+00
-3.115158317462626947e+00
-3.103455558392977487e+00
-3.091656959863579246e+00
-3.079764960175030986e+00
-3.067782149106100142e+00
-3.055711267458246727e+00
-3.043555206076482111e+00
-3.031317004327895859e+00
-3.018999848022002386e+00
-3.006607066760365488e+00
-2.994142130706420879e+00
-2.981608646770226745e+00
-2.969010354206949032e+00
-2.956351119632062208e+00
-2.943634931460736404e+00
-2.930865893783362708e+00
-2.918048219693770040e+00
-2.905186224091329983e+00
-2.892284315982622811e+00
-2.879346990312859678e+00
-2.866378819361489416e+00
-2.853384443740447640e+00
-2.840368563037319660e+00
-2.827335926148997203e+00
-2.814291321354507769e+00
-2.801239566178206797e+00
-2.788185497096599352e+00
-2.775133959143671447e+00
-2.762089795470542342e+00
-2.749057836915787423e+00
-2.736042891642638253e+00
-2.723049734898576268e+00
-2.710083098951686420e+00
-2.697147663256258543e+00
-2.684248044897978858e+00
-2.671388789366241578e+00
-2.658574361697963795e+00
-2.645809138033791363e+00
-2.633097397623620939e+00
-2.620443315314325172e+00
-2.607850954548166289e+00
-2.595324260895892632e+00
-2.582867056143985707e+00
-2.570483032950822810e+00
-2.558175750082043454e+00
-2.545948628230856325e+00
-2.533804946424670135e+00
-2.521747839015314963e+00
-2.509780293246065330e+00
-2.497905147385086622e+00
-2.486125089411451050e+00
-2.474442656236781612e+00
-2.462860233442843327e+00
-2.451380055512891509e+00
-2.440004206532569775e+00
-2.428734621334345256e+00
-2.417573087058067838e+00
-2.406521245099183748e+00
-2.395580593415303383e+00
-2.384752489161424016e+00
-2.374038151623879322e+00
-2.363438665423168050e+00
-2.352954983956170754e+00
-2.342587933048717819e+00
-2.332338214790274922e+00
-2.322206411523350056e+00
-2.312192989961278755e+00
-2.302298305409215651e+00
-2.292522606064368862e+00
-2.282866037372891288e+00
-2.273328646422202226e+00
-2.263910386348935599e+00
-2.254611120744184127e+00
-2.245430628039109422e+00
-2.236368605855479696e+00
-2.227424675307087654e+00
-2.218598385239391124e+00
-2.209889216396099254e+00
-2.201296585502672709e+00
-2.192819849258002218e+00
-2.184458308226696399e+00
-2.176211210625521808e+00
-2.168077755998634171e+00
-2.160057098777176332e+00
-2.152148351719789687e+00
-2.144350589231417192e+00
-2.136662850558556315e+00
-2.129084142859875683e+00
-2.121613444151710048e+00
-2.114249706128599193e+00
-2.106991856859536050e+00
-2.099838803361064432e+00
-2.092789434048831332e+00
-2.085842621069500691e+00
-2.078997222515328147e+00
-2.072252084523929838e+00
-2.065606043266032366e+00
-2.059057926824193085e+00
-2.052606556965623774e+00
-2.046250750812400376e+00
-2.039989322412429917e+00
-2.033821084214620267e+00
-2.027744848451754844e+00
-2.021759428434578343e+00
-2.015863639760635095e+00
-2.010056301441371041e+00
-2.004336236950980066e+00
-1.998702275200466394e+00
-1.993153251440298535e+00
-1.987688008095001235e+00
-1.982305395532953263e+00
-1.977004272774571358e+00
-1.971783508141999430e+00
-1.966641979853298583e+00
-1.961578576564081633e+00
-1.956592197859409410e+00
-1.951681754698679550e+00
-1.946846169816156102e+00
-1.942084378079652174e+00
-1.937395326809815188e+00
-1.932777976062348690e+00
-1.928231298875401123e+00
-1.923754281484277184e+00
-1.919345923505500595e+00
-1.915005238092195361e+00
-1.910731252062640717e+00
-1.906523006003770782e+00
-1.902379554351317115e+00
-1.898299965448178028e+00
-1.894283321582555191e+00
-1.890328719007285940e+00
-1.886435267941746430e+00
-1.882602092557619899e+00
-1.878828330949751102e+00
-1.875113135093242400e+00
-1.871455670787891323e+00
-1.867855117590989433e+00
-1.864310668739467713e+00
-1.860821531062287759e+00
-1.857386924883951185e+00
-1.854006083919933490e+00
-1.850678255164799779e+00
-1.847402698773723539e+00
-1.844178687938071715e+00
-1.841005508755684916e+00
-1.837882460096446735e+00
-1.834808853463680389e+00
-1.831784012851903620e+00
-1.828807274601404798e+00
-1.825877987250099421e+00
-1.822995511383083578e+00
-1.820159219480266710e+00
-1.817368495762459180e+00
-1.814622736036234585e+00
-1.811921347537893023e+00
-1.809263748776809066e+00
-1.806649369378430681e+00
-1.804077649927185556e+00
-1.801548041809515777e+00
-1.799060007057256438e+00
-1.796613018191553390e+00
-1.794206558067496626e+00
-1.791840119719640745e+00
-1.789513206208551921e+00
-1.787225330468531270e+00
-1.784976015156632068e+00
-1.782764792503086948e+00
-1.780591204163254115e+00
-1.778454801071168490e+00
-1.776355143294788608e+00
-1.774291799893011889e+00
-1.772264348774527321e+00
-1.770272376558570171e+00
-1.768315478437623600e+00
-1.766393258042121328e+00
-1.764505327307191784e+00
-1.762651306341475044e+00
-1.760830823298048520e+00
-1.759043514247481399e+00
-1.757289023053044463e+00
-1.755567001248085068e+00
-1.753877107915589040e+00
-1.752219009569932595e+00
-1.750592380040832952e+00
-1.748996900359500062e+00
-1.747432258646994585e+00
-1.745898150004782101e+00
-1.744394276407490230e+00
-1.742920346597850667e+00
-1.741476075983830141e+00
-1.740061186537931626e+00
-1.738675406698657833e+00
-1.737318471274127862e+00
-1.735990121347826598e+00
-1.734690104186477289e+00
-1.733418173150018893e+00
-1.732174087603672197e+00
-1.730957612832080050e+00
-1.729768519955495076e+00
-1.728606585848008192e+00
-1.727471593057789967e+00
-1.726363329729325935e+00
-1.725281589527633663e+00
-1.724226171564431809e+00
-1.723196880326245406e+00
-1.722193525604429620e+00
-1.721215922427087541e+00
-1.720263890992862033e+00
-1.719337256606585207e+00
-1.718435849616759326e+00
-1.717559505354855798e+00
-1.716708064076406304e+00
-1.715881370903870717e+00
-1.715079275771259404e+00
-1.714301633370494127e+00
-1.713548303099485137e+00
-1.712819149011907793e+00
-1.712114039768661833e+00
-1.711432848590992872e+00
-1.710775453215258590e+00
-1.710141735849328937e+00
-1.709531583130594168e+00
-1.708944886085570491e+00
-1.708381540091090223e+00
-1.707841444837053357e+00
-1.707324504290733236e+00
-1.706830626662618533e+00
-1.706359724373779585e+00
-1.705911714024743731e+00
-1.705486516365869898e+00
-1.705084056269209780e+00
-1.704704262701840278e+00
-1.704347068700663659e+00
-1.704012411348656331e+00
-1.703700231752564687e+00
-1.703410475022032688e+00
-1.703143090250153424e+00
-1.702898030495441972e+00
-1.702675252765212477e+00
-1.702474718000360987e+00
-1.702296391061542957e+00
-1.702140240716741415e+00
-1.702006239630218465e+00
-1.701894364352849021e+00
-1.701804595313828550e+00
-1.701736916813753053e+00
-1.701691317019071281e+00
-1.701667787957899192e+00
