0.000000000000000000e+00
-4.119149483204493506e-02
-8.237681078539307866e-02
-1.235497689813476324e-01
-1.647041905412118812e-01
-2.058338965862890058e-01
-2.469327082378822424e-01
-2.879944466172948414e-01
-3.290129328458299973e-01
-3.699819880447908771e-01
-4.108954333354808419e-01
-4.517470898392030310e-01
-4.925307786772606944e-01
-5.332403209709571934e-01
-5.738695378415954451e-01
-6.144122504104787552e-01
-6.548622797989106514e-01
-6.952134471281938843e-01
-7.354595735196322037e-01
-7.755944800945284712e-01
-8.156119879741861034e-01
-8.555059182799082951e-01
-8.952700921329979078e-01
-9.348983306547586913e-01
-9.743844549664935073e-01
-1.013722286189506105e+00
-1.052905645445099125e+00
-1.091928353854575873e+00
-1.130784232539239875e+00
-1.169467102620393772e+00
-1.207970785219341758e+00
-1.246289101457386250e+00
-1.284415872455830776e+00
-1.322344919335978863e+00
-1.360070063219132708e+00
-1.397585125226596725e+00
-1.434883926479673333e+00
-1.471960288099666503e+00
-1.508808031207878653e+00
-1.545420976925613310e+00
-1.581792946374174225e+00
-1.617917760674863592e+00
-1.653789240948985606e+00
-1.689401208317842906e+00
-1.724747483902738798e+00
-1.759821888824977032e+00
-1.794618244205860025e+00
-1.829130371166691749e+00
-1.863352090828774621e+00
-1.897277224313412614e+00
-1.930899592741908810e+00
-1.964213017235566294e+00
-1.997211318915688150e+00
-2.029888318903577460e+00
-2.062237838320538419e+00
-2.094253698287873000e+00
-2.125929719926885397e+00
-2.157259724358878472e+00
-2.188237532705154198e+00
-2.218856966087018101e+00
-2.249111845625772599e+00
-2.278995992442720109e+00
-2.308503227659164381e+00
-2.337627372396409164e+00
-2.366362247775756877e+00
-2.394701674918511269e+00
-2.422639474945975202e+00
-2.450169468979450649e+00
-2.477285478140244024e+00
-2.503981323549656413e+00
-2.530250826328991121e+00
-2.556087807599551898e+00
-2.581486088482641605e+00
-2.606439490099563105e+00
-2.630941833571620592e+00
-2.654986940020116926e+00
-2.678568630566354525e+00
-2.701680726331637583e+00
-2.724317048437269406e+00
-2.746471418004552412e+00
-2.768137656154790793e+00
-2.789309584009286969e+00
-2.809981022689344243e+00
-2.830145793316266367e+00
-2.849797717011355758e+00
-2.868930614895916165e+00
-2.887538308091251338e+00
-2.905614617718663251e+00
-2.923153364899456541e+00
-2.940148370754933627e+00
-2.956593456406397369e+00
-2.972482442975151962e+00
-2.987809151582499378e+00
-3.002567403349743813e+00
-3.016751019398188571e+00
-3.030353820849136071e+00
-3.043369628823890505e+00
-3.055792264443754735e+00
-3.067615548830030736e+00
-3.078833303104024477e+00
-3.089439348387036155e+00
-3.099427505800372185e+00
-3.108791596465333207e+00
-3.117525441503222972e+00
-3.125622862035345673e+00
-3.133077679183002839e+00
-3.139883714067498666e+00
-3.146034787810136457e+00
-3.151524721532220408e+00
-3.156347336355052491e+00
-3.160496453399936456e+00
-3.163965893788174721e+00
-3.166749478641071480e+00
-3.168841029079929150e+00
-3.170234366226051037e+00
-3.170923311200741335e+00
-3.170901685125302016e+00
-3.170163309121036832e+00
-3.168702004309249531e+00
-3.166511591811242976e+00
-3.163585892748320472e+00
-3.159918728241784436e+00
-3.155503919412939062e+00
-3.150335287383087213e+00
-3.144406653273532637e+00
-3.137711838205578196e+00
-3.130244663300525865e+00
-3.121998949679681168e+00
-3.112968518464345191e+00
-3.103147190775823461e+00
-3.092528787735416174e+00
-3.081107130464429744e+00
-3.068876040084164813e+00
-3.055829337715926020e+00
-3.041960844481016224e+00
-3.027264381500738288e+00
-3.011733769896397295e+00
-2.995362830789293884e+00
-2.978145385300732695e+00
-2.960075254552017920e+00
-2.941146259664449314e+00
-2.921352221759333290e+00
-2.900686961957971821e+00
-2.879144301381669990e+00
-2.856718061151728882e+00
-2.833402062389450915e+00
-2.809190126216142058e+00
-2.784076073753102953e+00
-2.758053726121639126e+00
-2.731116904443053439e+00
-2.703259429838647421e+00
-2.674475123429724821e+00
-2.644757806337589390e+00
-2.614101299683544433e+00
-2.582499424588894588e+00
-2.549946002174939608e+00
-2.516434853562985907e+00
-2.481959799874334571e+00
-2.446514662230290682e+00
-2.410093261752155769e+00
-2.372689419561233137e+00
-2.334296956778827870e+00
-2.294909694526241495e+00
-2.254521453924778207e+00
-2.213126056095741312e+00
-2.170717322160431451e+00
-2.127289073240154593e+00
-2.082835130456214046e+00
-2.037349314929912225e+00
-1.990825447782551549e+00
-1.943257350135435324e+00
-1.894638843109869519e+00
-1.844963747827153888e+00
-1.794225885408593513e+00
-1.742419076975493475e+00
-1.689537143649150863e+00
-1.635573906550875201e+00
-1.580523186801966240e+00
-1.524378805523729952e+00
-1.467134583837467865e+00
-1.408784342864480621e+00
-1.349321903726075966e+00
-1.288741087543554542e+00
-1.227035715438220542e+00
-1.164199608531378161e+00
-1.100226587944327150e+00
-1.035110474798374369e+00
-9.688450902148204591e-01
-9.014242553149696136e-01
-8.328417912201278028e-01
-7.630915190515930036e-01
-6.921672599306729623e-01
-6.200628349786692084e-01
-5.467720653168823830e-01
-4.722887720666211209e-01
-3.966067763491833986e-01
-3.197198992858751865e-01
-2.416219619980024547e-01
-1.623067856068614034e-01
-8.176819123375977938e-02
0.000000000000000000e+00
8.300202212122707868e-02
1.672343297491892533e-01
2.526914326512688103e-01
3.393678405948419852e-01
4.272580633472932155e-01
5.163566106759986951e-01
6.066579923483407244e-01
6.981567181317017701e-01
7.908472977934578596e-01
8.847242411009933472e-01
9.797820578216847043e-01
1.076015257722913843e+00
1.173418350572063895e+00
1.271985846136512333e+00
1.371712254183637514e+00
1.472592084480821795e+00
1.574619846795445532e+00
1.677790050894889307e+00
1.782097206546538137e+00
1.887535823517762168e+00
1.994100411575947529e+00
2.101785480488473024e+00
2.210585540022720341e+00
2.320495099946074280e+00
2.431508670025904983e+00
2.543620760029598138e+00
2.656825879724533213e+00
2.771118538878091453e+00
2.886493247257658545e+00
3.002944514630602413e+00
3.120466850764310962e+00
3.239054765426162774e+00
3.358702768383539095e+00
3.479405369403826054e+00
3.601157078254391575e+00
3.723952404702622676e+00
3.847785858515899271e+00
3.972651949461600829e+00
4.098545187307115256e+00
4.225460081819809588e+00
4.353391142767070399e+00
4.482332879916278934e+00
4.612279803034813774e+00
4.743226421890063271e+00
4.875167246249393571e+00
5.008096785880192137e+00
5.142009550549839325e+00
5.276900050025714606e+00
5.412762794075205441e+00
5.549592292465678867e+00
5.687383054964523232e+00
5.826129591339117120e+00
5.965826411356839110e+00
6.106468024785081106e+00
6.248048941391205702e+00
6.390563670942600361e+00
6.534006723206648104e+00
6.678372607950727513e+00
6.823655834942224274e+00
6.969850913948508087e+00
7.116952354736963748e+00
7.264954667074971617e+00
7.413852360729913826e+00
7.563639945469175174e+00
7.714311931060123584e+00
7.865862827270146518e+00
8.018287143866622557e+00
8.171579390616935612e+00
8.325734077288469592e+00
8.480745713648589756e+00
8.636608809464686232e+00
8.793317874504142040e+00
8.950867418534329545e+00
9.109251951322644203e+00
9.268465982636444167e+00
9.428504022243124894e+00
9.589360579910060522e+00
9.751030165404634076e+00
9.913507288494233904e+00
1.007678645894622349e+01
1.024086218652799118e+01
1.040572898100691823e+01
1.057138135215038588e+01
1.073781380972577715e+01
1.090502086350046262e+01
1.107299702324182888e+01
1.124173679871725362e+01
1.141123469969411808e+01
1.158148523593981238e+01
1.175248291722170180e+01
1.192422225330716934e+01
1.209669775396359981e+01
1.226990392895837445e+01
1.244383528805887806e+01
1.261848634103247591e+01
1.279385159764655633e+01
1.296992556766850235e+01
1.314670276086568634e+01
1.332417768700550553e+01
1.350234485585532163e+01
1.368119877718252120e+01
1.386073396075448549e+01
1.404094491633859576e+01
1.422182615370223679e+01
1.440337218261277563e+01
1.458557751283760240e+01
1.476843665414409479e+01
1.495194411629963582e+01
1.513609440907160497e+01
1.532088204222737815e+01
1.550630152553433661e+01
1.569234736875986513e+01
1.587901408167133965e+01
1.606629617403615384e+01
1.625418815562165875e+01
1.644268453619526227e+01
1.663177982552432965e+01
1.682146853337625103e+01
1.701174516951841298e+01
1.720260424371817010e+01
1.739404026574291606e+01
1.758604774536003745e+01
1.777862119233690663e+01
1.797175511644091728e+01
1.816544402743943110e+01
1.835968243509983466e+01
1.855446484918951100e+01
1.874978577947583958e+01
1.894563973572621052e+01
1.914202122770798908e+01
1.933892476518855474e+01
1.953634485793529763e+01
1.973427601571559364e+01
1.993271274829682937e+01
2.013164956544637363e+01
2.033108097693161653e+01
2.053100149251992690e+01
2.073140562197869841e+01
2.093228787507531052e+01
2.113364276157712851e+01
2.133546479125154605e+01
2.153774847386593905e+01
2.174048831918769054e+01
2.194367883698418709e+01
2.214731453702279396e+01
2.235138992907089417e+01
2.255589952289587075e+01
2.276083782826511026e+01
2.296619935494599574e+01
2.317197861270589243e+01
2.337817011131219047e+01
2.358476836053226222e+01
2.379176787013349781e+01
2.399916314988327670e+01
2.420694870954897837e+01
2.441511905889797163e+01
2.462366870769764304e+01
2.483259216571538630e+01
2.504188394271857376e+01
2.525153854847457069e+01
2.546155049275077431e+01
2.567191428531456054e+01
2.588262443593330886e+01
2.609367545437440583e+01
2.630506185040522027e+01
2.651677813379313875e+01
2.672881881430554074e+01
2.694117840170980571e+01
2.715385140577332734e+01
2.736683233626346379e+01
2.758011570294760517e+01
2.779369601559312741e+01
2.800756778396742419e+01
2.822172551783786787e+01
2.843616372697182726e+01
2.865087692113669604e+01
2.886585961009985724e+01
2.908110630362868321e+01
2.929661151149056408e+01
2.951236974345286157e+01
2.972837550928296579e+01
2.994462331874826333e+01
3.016110768161612654e+01
3.037782310765394556e+01
3.059476410662909274e+01
3.081192518830894755e+01
3.102930086246088948e+01
3.124688563885230153e+01
3.146467402725055962e+01
3.168266053742306454e+01
3.190083967913716734e+01
3.211920596216026524e+01
3.233775389625973418e+01
3.255647799120294650e+01
3.277537275675730655e+01
3.299443270269016892e+01
3.321365233876893086e+01
3.343302617476095406e+01
3.365254872043364287e+01
3.387221448555436609e+01
3.409201797989049965e+01
3.431195371320941945e+01
3.453201619527851562e+01
3.475219993586517120e+01
3.497249944473677630e+01
3.519290923166067131e+01
3.541342380640427479e+01
3.563403767873495553e+01
3.585474535842008237e+01
3.607554135522705963e+01
3.629642017892324191e+01
3.651737633927602644e+01
3.673840434605278915e+01
3.695949870902090595e+01
3.718065393794777407e+01
3.740186454260075521e+01
3.762312503274721820e+01
3.784442991815456736e+01
3.806577370859018572e+01
3.828715091382144919e+01
3.850855604361571949e+01
3.872998360774039384e+01
3.895142811596284105e+01
3.917288407805045125e+01
3.939434600377061457e+01
3.961580840289069272e+01
3.983726578517806161e+01
4.005871266040013268e+01
4.028014353832424632e+01
4.050155292871780688e+01
4.072293534134819737e+01
4.094428528598277950e+01
4.116559727238897892e+01
4.138686581033409340e+01
4.160808540958558410e+01
4.182925057991077722e+01
4.205035583107710551e+01
4.227139567285190935e+01
4.249236461500255757e+01
4.271325716729647581e+01
4.293406783950099026e+01
4.315479114138353367e+01
4.337542158271146775e+01
4.359595367325214710e+01
4.381638192277299027e+01
4.403670084104135185e+01
4.425690493782462909e+01
4.447698872289019789e+01
4.469694670600540576e+01
4.491677339693769966e+01
4.513646330545439156e+01
4.535601094132292133e+01
4.557541081431062935e+01
4.579465743418488444e+01
4.601374531071313356e+01
4.623266895366266738e+01
4.645142287280094706e+01
4.667000157789530590e+01
4.688839957871312691e+01
4.710661138502180734e+01
4.732463150658870887e+01
4.754245445318123586e+01
4.776007473456675712e+01
4.797748686051264144e+01
4.819468534078627897e+01
4.841166468515504562e+01
4.862841940338633151e+01
4.884494400524751256e+01
4.906123300050596470e+01
4.927728089892908514e+01
4.949308221028420007e+01
4.970863144433877778e+01
4.992392311086013734e+01
5.013895145801539854e+01
5.035370745711703933e+01
5.056817984776711938e+01
5.078235732671294755e+01
5.099622859070171899e+01
5.120978233648067857e+01
5.142300726079711382e+01
5.163589206039822699e+01
5.184842543203129139e+01
5.206059607244355192e+01
5.227239267838222503e+01
5.248380394659459824e+01
5.269481857382787382e+01
5.290542525682933928e+01
5.311561269234621818e+01
5.332536957712573411e+01
5.353468460791517458e+01
5.374354648146176316e+01
5.395194389451276606e+01
5.415986554381539975e+01
5.436730012611690910e+01
5.457423633816457453e+01
5.478066287670559831e+01
5.498656843848726794e+01
5.519194172025680700e+01
5.539677141876144617e+01
5.560104623074846586e+01
5.580475485296506832e+01
5.600788598215856240e+01
5.621042831507615034e+01
5.641237054846505572e+01
5.661370137907256606e+01
5.681440950364590492e+01
5.701448361893233852e+01
5.721391242167909752e+01
5.741268460863341971e+01
5.761078887654257130e+01
5.780821392215377585e+01
5.800494844221430668e+01
5.820098113347138025e+01
5.839630069267224854e+01
5.859089581656418488e+01
5.878475520189438441e+01
5.897786754541014886e+01
5.917022154385869470e+01
5.936180589398725971e+01
5.955260929254310298e+01
5.974262043627344809e+01
5.993182802192558967e+01
6.012022074624672996e+01
6.030778730598412096e+01
6.049451639788502177e+01
6.068039671869666307e+01
6.086541696516631106e+01
6.104956583404119641e+01
6.123283202206854980e+01
6.141520422599565165e+01
6.159667114256971132e+01
6.177722146853801632e+01
6.195684390064779024e+01
6.213552713564624952e+01
6.231325987028068170e+01
6.249003080129831034e+01
6.266582862544641586e+01
6.284064203947219340e+01
6.301445974012291629e+01
6.318727042414584361e+01
6.335906278828816340e+01
6.352982552929719873e+01
6.369954734392013762e+01
6.386821692890424629e+01
6.403582298099678383e+01
6.420235419694495249e+01
6.436779927349604691e+01
6.453214690739730486e+01
6.469538579539594991e+01
6.485750463423923406e+01
6.501849212067440931e+01
6.517833695144869921e+01
6.533702782330941261e+01
6.549455343300371624e+01
6.565090247727890471e+01
6.580606365288220161e+01
6.596002565656085892e+01
6.611277718506214285e+01
6.626430693513324854e+01
6.641460360352147063e+01
6.656365588697401847e+01
6.671145248223818669e+01
6.685798208606118465e+01
6.700323339519025012e+01
6.714719510637263511e+01
6.728985591635562002e+01
6.743120452188640002e+01
6.757122961971224129e+01
6.770991990658041004e+01
6.784726407923812985e+01
6.798325083443263850e+01
6.811786886891121640e+01
6.825110687942107290e+01
6.838295356270944581e+01
6.851339761552362972e+01
6.864242773461080560e+01
6.877003261671829648e+01
6.889620095859329751e+01
6.902092145698306069e+01
6.914418280863482380e+01
6.926597371029585304e+01
6.938628285871337198e+01
6.950509895063466104e+01
6.962241068280691536e+01
6.973820675197744379e+01
6.985247585489342725e+01
6.996520668830214618e+01
7.007638794895085255e+01
7.018600833358676994e+01
7.029405653895715034e+01
7.040052126180923153e+01
7.050539119889029394e+01
7.060865504694756112e+01
7.071030150272828507e+01
7.081031926297967516e+01
7.090869702444901179e+01
7.100542348388354696e+01
7.110048733803051846e+01
7.119387728363714984e+01
7.128558201745072154e+01
7.137559023621844290e+01
7.146389063668759434e+01
7.155047191560538522e+01
7.163532276971909596e+01
7.171843189577596434e+01
7.179978799052319971e+01
7.187937975070809671e+01
7.195719587307790732e+01
7.203322505437982670e+01
7.210745599136110684e+01
7.217987738076904236e+01
7.225047791935081420e+01
7.231924630385374542e+01
7.238617123102500273e+01
7.245124139761188076e+01
7.251444550036160308e+01
7.257577223602142169e+01
7.263521030133860279e+01
7.269274839306034153e+01
7.274837520793396095e+01
7.280207944270661358e+01
7.285384979412562245e+01
7.290367495893819694e+01
7.295154363389158902e+01
7.299744451573302229e+01
7.304136630120979135e+01
7.308329768706909135e+01
7.312322737005823114e+01
7.316114404692437745e+01
7.319703641441483910e+01
7.323089316927681125e+01
7.326270300825757431e+01
7.329245462810436607e+01
7.332013672556443851e+01
7.334573799738502942e+01
7.336924714031337658e+01
7.339065285109676040e+01
7.340994382648234762e+01
7.342710876321748970e+01
7.344213635804933915e+01
7.345501530772520482e+01
7.346573430899228185e+01
7.347428205859787909e+01
7.348064725328917746e+01
7.348481858981347159e+01
7.348678476491797085e+01
7.348653447534994143e+01
7.348405641785662112e+01
7.347933928918526192e+01
7.347237178608310160e+01
7.346314260529739215e+01
7.345164044357538558e+01
7.343785399766430544e+01
7.342177196431143216e+01
7.340338304026394667e+01
7.338267592226917202e+01
7.335963930707430336e+01
7.333426189142662110e+01
7.330653237207333461e+01
7.327643944576171009e+01
7.324397180923899953e+01
7.320911815925242649e+01
7.317186719254924299e+01
7.313220760587671521e+01
7.309012809598206672e+01
7.304561735961256375e+01
7.299866409351544405e+01
7.294925699443791700e+01
7.289738475912729143e+01
7.284303608433076249e+01
7.278619966679559639e+01
7.272686420326903090e+01
7.266501839049834643e+01
7.260065092523072394e+01
7.253375050421345804e+01
7.246430582419377231e+01
7.239230558191893294e+01
7.231773847413616352e+01
7.224059319759271602e+01
7.216085844903585667e+01
7.207852292521280901e+01
7.199357532287083927e+01
7.190600433875712838e+01
7.181579866961902781e+01
7.172294701220366164e+01
7.162743806325839557e+01
7.152926051953039632e+01
7.142840307776694431e+01
7.132485443471526310e+01
7.121860328712260468e+01
7.110963833173623527e+01
7.099794826530336422e+01
7.088352178457127195e+01
7.076634758628716781e+01
7.064641436719834644e+01
7.052371082405201719e+01
7.039822565359544626e+01
7.026994755257582881e+01
7.013886521774048788e+01
7.000496734583660441e+01
6.986824263361145881e+01
6.972867977781228888e+01
6.958626747518634659e+01
6.944099442248085552e+01
6.929284931644306766e+01
6.914182085382027765e+01
6.898789773135962378e+01
6.883106864580847173e+01
6.867132229391398823e+01
6.850864737242343949e+01
6.834303257808409171e+01
6.817446660764318267e+01
6.800293815784792173e+01
6.782843592544561773e+01
6.765094860718343739e+01
6.747046489980871797e+01
6.728697350006862621e+01
6.710046310471042830e+01
6.691092241048139044e+01
6.671834011412876464e+01
6.652270491239978867e+01
6.632400550204164347e+01
6.612223057980165208e+01
6.591736884242705230e+01
6.570940898666508190e+01
6.549833970926297866e+01
6.528414970696798036e+01
6.506682767652731059e+01
6.484636624099795199e+01
6.462279922104586660e+01
6.439618504721480008e+01
6.416658248017155586e+01
6.393405028058301554e+01
6.369864720911601808e+01
6.346043202643737402e+01
6.321946349321398628e+01
6.297580037011262988e+01
6.272950141780019351e+01
6.248062539694350903e+01
6.222923106820941541e+01
6.197537719226478004e+01
6.171912252977639923e+01
6.146052584141114750e+01
6.119964588783587800e+01
6.093654142971740839e+01
6.067127122772261316e+01
6.040389404251829575e+01
6.013446863477131643e+01
5.986305376514854970e+01
5.958970819431679189e+01
5.931449068294293170e+01
5.903745999169375835e+01
5.875867488123615345e+01
5.847819411223697017e+01
5.819607644536301905e+01
5.791238064128117458e+01
5.762716546065824730e+01
5.734048966416109749e+01
5.705241201245657834e+01
5.676299126621151458e+01
5.647228618609278072e+01
5.618035553276718019e+01
5.588725806690155906e+01
5.559305254916282024e+01
5.529779774021772454e+01
5.500155240073318907e+01
5.470437529137598887e+01
5.440632517281304104e+01
5.410746080571110639e+01
5.380784095073709494e+01
5.350752436855783145e+01
5.320656981984014067e+01
5.290503606525090419e+01
5.260298186545691834e+01
5.230046598112505052e+01
5.199754717292216100e+01
5.169428420151506032e+01
5.139073582757063008e+01
5.108696081175566661e+01
5.078301791473703020e+01
5.047896589718160953e+01
5.017486351975617254e+01
4.987076954312764343e+01
4.956674272796278302e+01
4.926284183492849422e+01
4.895912562469160889e+01
4.865565285791895178e+01
4.835248229527739738e+01
4.804967269743374203e+01
4.774728282505485311e+01
4.744537143880761931e+01
4.714399729935880146e+01
4.684321916737531666e+01
4.654309580352395415e+01
4.624368596847157420e+01
4.594504842288505841e+01
4.564724192743117470e+01
4.535032524277685440e+01
4.505435712958885830e+01
4.475939634853407512e+01
4.446550166027936513e+01
4.417273182549151755e+01
4.388114560483743531e+01
4.359080175898390763e+01
4.330175904859780189e+01
4.301407623434598548e+01
4.272781207689526184e+01
4.244302533691251256e+01
4.215977477506453397e+01
4.187811915201820057e+01
4.159811722844036552e+01
4.131982776499783938e+01
4.104330952235751795e+01
4.076862126118616914e+01
4.049582174215068875e+01
4.022496972591793707e+01
3.995612397315470332e+01
3.968934324452788331e+01
3.942468630070427338e+01
3.916221190235074090e+01
3.890197881013413905e+01
3.864404578472129259e+01
3.838847158677906179e+01
3.813531497697427142e+01
3.788463471597376042e+01
3.763648956444441751e+01
3.739093828305303191e+01
3.714803963246649232e+01
3.690785237335158797e+01
3.667043526637520756e+01
3.643584707220419716e+01
3.620414655150536021e+01
3.597539246494559961e+01
3.574964357319169750e+01
3.552695863691052125e+01
3.530739641676893825e+01
3.509101567343375194e+01
3.487787516757183681e+01
3.466803365985001051e+01
3.446154991093512621e+01
3.425848268149405840e+01
3.405889073219359631e+01
3.386283282370064285e+01
3.367036771668198014e+01
3.348155417180446847e+01
3.329645094973500363e+01
3.311511681114036776e+01
3.293761051668743534e+01
3.276399082704303112e+01
3.259431650287400828e+01
3.242864630484721999e+01
3.226703899362949812e+01
3.210955332988768163e+01
3.195624807428862013e+01
3.180718198749914905e+01
3.166241383018612510e+01
3.152200236301641567e+01
3.138600634665681355e+01
3.125448454177416835e+01
3.112749570903534746e+01
3.100509860910719695e+01
3.088735200265656289e+01
3.077431465035024871e+01
3.066604531285512891e+01
3.056260275083804601e+01
3.046404572496584251e+01
3.037043299590537515e+01
3.028182332432345447e+01
3.019827547088694786e+01
3.011984819626268362e+01
3.004660026111751137e+01
2.997858978897329862e+01
2.991583375400766442e+01
2.985828361033119904e+01
2.980588496770443285e+01
2.975858343588792465e+01
2.971632462464221547e+01
2.967905414372782502e+01
2.964671760290532276e+01
2.961926061193523196e+01
2.959662878057810076e+01
2.957876771859448084e+01
2.956562303574489547e+01
2.955714034178990346e+01
2.955326524649003161e+01
2.955394335960583518e+01
2.955912029089785165e+01
2.956874165012662559e+01
2.958275304705269093e+01
2.960110009143659937e+01
2.962372839303888838e+01
2.965058356162009190e+01
2.968161120694076871e+01
2.971675693876145274e+01
2.975596636684268503e+01
2.979918510094501016e+01
2.984635875082895851e+01
2.989743292625509241e+01
2.995235323698394225e+01
3.001106529277605262e+01
3.007351470339196453e+01
3.013964707859221193e+01
3.020940802813735004e+01
3.028274316178791992e+01
3.035959808930445902e+01
3.043991842044751195e+01
3.052364976497760196e+01
3.061073773265530562e+01
3.070112793324114264e+01
3.079476597649566472e+01
3.089159747217940577e+01
3.099156803005289618e+01
3.109462325987670894e+01
3.120070877141137089e+01
3.130977017441742305e+01
3.142175307865540645e+01
3.153660309388584437e+01
3.165426582986932402e+01
3.177468689636636157e+01
3.189781190313749448e+01
3.202358645994328157e+01
3.215195617654421767e+01
3.228286666270091132e+01
3.241626352817387158e+01
3.255209238272364303e+01
3.269029883611076315e+01
3.283082849809576231e+01
3.297362697843922064e+01
3.311863988690165428e+01
3.326581283324361493e+01
3.341509142722564007e+01
3.356642127860824587e+01
3.371974799715201243e+01
3.387501719261748434e+01
3.403217447476518487e+01
3.419116545335565149e+01
3.435193573814942170e+01
3.451443093890706137e+01
3.467859666538910801e+01
3.484437852735609908e+01
3.501172213456856497e+01
3.518057309678703604e+01
3.535087702377210661e+01
3.552257952528427865e+01
3.569562621108411093e+01
3.586996269093213385e+01
3.604553457458886356e+01
3.622228747181490860e+01
3.640016699237077802e+01
3.657911874601699509e+01
3.675908834251412571e+01
3.694002139162266474e+01
3.712186350310323490e+01
3.730456028671632396e+01
3.748805735222249780e+01
3.767230030938227969e+01
3.785723476795618581e+01
3.804280633770483888e+01
3.822896062838871956e+01
3.841564324976837952e+01
3.860279981160437757e+01
3.879037592365720144e+01
3.897831719568747388e+01
3.916656923745569685e+01
3.935507765872240782e+01
3.954378806924815848e+01
3.973264607879345078e+01
3.992159729711890748e+01
4.011058733398501630e+01
4.029956179915232894e+01
4.048846630238139710e+01
4.067724645343270140e+01
4.086584786206688591e+01
4.105421613804443837e+01
4.124229689112590336e+01
4.143003573107183257e+01
4.161737826764272086e+01
4.180427011059918385e+01
4.199065686970172351e+01
4.217648415471089862e+01
4.236169757538723957e+01
4.254624274149124119e+01
4.273006526278354045e+01
4.291311074902463218e+01
4.309532480997505388e+01
4.327665305539536433e+01
4.345704109504605128e+01
4.363643453868773747e+01
4.381477899608092486e+01
4.399202007698615091e+01
4.416810339116397444e+01
4.434297454837489738e+01
4.451657915837951407e+01
4.468886283093835488e+01
4.485977117581193596e+01
4.502924980276083033e+01
4.519724432154552574e+01
4.536370034192663070e+01
4.552856347366466139e+01
4.569177932652017660e+01
4.585329351025368538e+01
4.601305163462571102e+01
4.617099930939686203e+01
4.632708214432764038e+01
4.648124574917860485e+01
4.663343573371028583e+01
4.678359770768318526e+01
4.693167728085794010e+01
4.707762006299502389e+01
4.722137166385500961e+01
4.736287769319840635e+01
4.750208376078576578e+01
4.763893547637765380e+01
4.777337844973459369e+01
4.790535829061712292e+01
4.803482060878582161e+01
4.816171101400114196e+01
4.828597511602372805e+01
4.840755852461406050e+01
4.852640684953274075e+01
4.864246570054024232e+01
4.875568068739710270e+01
4.886599741986394463e+01
4.897336150770124874e+01
4.907771856066958094e+01
4.917901418852947160e+01
4.927719400104141556e+01
4.937220360796606400e+01
4.946398861906386912e+01
4.955249464409541815e+01
4.963766729282122014e+01
4.971945217500184810e+01
4.979779490039781820e+01
4.987264107876971053e+01
4.994393631987801285e+01
5.001162629487618716e+01
5.007567483773190276e+01
5.013608918456946384e+01
5.019288291780316769e+01
5.024606961984731157e+01
5.029566287311619988e+01
5.034167626002413698e+01
5.038412336298544858e+01
5.042301776441441774e+01
5.045837304672537726e+01
5.049020279233261732e+01
5.051852058365044229e+01
5.054334000309317076e+01
5.056467463307510712e+01
5.058253805601054154e+01
5.059694385431381392e+01
5.060790561039919311e+01
5.061543690668101902e+01
5.061955132557358183e+01
5.062026244949119302e+01
5.061758386084814987e+01
5.061152914205878517e+01
5.060211187553736778e+01
5.058934564369823050e+01
5.057324402895568483e+01
5.055382061372402092e+01
5.053108898041755026e+01
5.050506271145059856e+01
5.047575538923744176e+01
5.044318059619239847e+01
5.040735191472979437e+01
5.036828292726391254e+01
5.032598721620906446e+01
5.028047836397956871e+01
5.023176995298971548e+01
5.017987556565383045e+01
5.012480878438621801e+01
5.006658319160116122e+01
5.000521236971299288e+01
4.994070990113601738e+01
4.987308936828452488e+01
4.980236435357284108e+01
4.972854843941527037e+01
4.965165520822609579e+01
4.957169824241965017e+01
4.948869112441024498e+01
4.940264743661217040e+01
4.931358076143973790e+01
4.922150468130725187e+01
4.912643277862902380e+01
4.902837863581935096e+01
4.892735583529258037e+01
4.882337795946295955e+01
4.871645859074482843e+01
4.860661131155249137e+01
4.849384970430024566e+01
4.837818735140243120e+01
4.825963783527330975e+01
4.813821473832720699e+01
4.801393164297842731e+01
4.788680213164128929e+01
4.775683978673011154e+01
4.762405819065915580e+01
4.748847092584275487e+01
4.735009157469522023e+01
4.720893371963085627e+01
4.706501094306398869e+01
4.691833682740887923e+01
4.676892495507986069e+01
4.661678890849123746e+01
4.646194227005732102e+01
4.630439862219243707e+01
4.614417154731085446e+01
4.598127462782688468e+01
4.581572144615484632e+01
4.564752558470906507e+01
4.547670062590383822e+01
4.530326015215344171e+01
4.512721774587220835e+01
4.494858698947444253e+01
4.476738146537444152e+01
4.458361475598657364e+01
4.439730044372504381e+01
4.420845211100421324e+01
4.401708334023838631e+01
4.382320771384186742e+01
4.362683881422898935e+01
4.342799022381402096e+01
4.322667552501125954e+01
4.302290830023504498e+01
4.281670213189967455e+01
4.260807060241949529e+01
4.239702729420873339e+01
4.218358578968173589e+01
4.196775967125281426e+01
4.174956252133625867e+01
4.152900792234645166e+01
4.130610945669757683e+01
4.108088070680400961e+01
4.085333525508005437e+01
4.062348668394000129e+01
4.039134857579821158e+01
4.015693451306892570e+01
3.992025807816645511e+01
3.968133285350513972e+01
3.944017242149926972e+01
3.919679036456319920e+01
3.895120026511114730e+01
3.870341570555746813e+01
3.845345026831645896e+01
3.820131753580243128e+01
3.794703109042974631e+01
3.769060451461260897e+01
3.743205139076538046e+01
3.717138530130236518e+01
3.690861982863786750e+01
3.664376855518624154e+01
3.637684506336171353e+01
3.610786293557860915e+01
3.583683575425125412e+01
3.556377710179395280e+01
3.528870056062106642e+01
3.501161971314679988e+01
3.473254814178550731e+01
3.445149942895149309e+01
3.416848715705906869e+01
3.388352490852259535e+01
3.359662626575627087e+01
3.330780481117444936e+01
3.301707412719145651e+01
3.272444779622158251e+01
3.242993940067918857e+01
3.213356252297848670e+01
3.183533074553382747e+01
3.153525765075950815e+01
3.123335682106986866e+01
3.092964183887923824e+01
3.062412628660182534e+01
3.031682374665200186e+01
3.000774780144405085e+01
2.969691203339230512e+01
2.938433002491111523e+01
2.907001535841467188e+01
2.875398161631734339e+01
2.843624238103343771e+01
2.811681123497726276e+01
2.779570176056319042e+01
2.747292754020539007e+01
2.714850215631824426e+01
2.682243919131605026e+01
2.649475222761312310e+01
2.616545484762383111e+01
2.583456063376235434e+01
2.550208316844306466e+01
2.516803603408026646e+01
2.483243281308825345e+01
2.449528708788143661e+01
2.415661244087394977e+01
2.381642245448017547e+01
2.347473071111445009e+01
2.313155079319103891e+01
2.278689628312434579e+01
2.244078076332853300e+01
2.209321781621797243e+01
2.174422102420697200e+01
2.139380396970985387e+01
2.104198023514097216e+01
2.068876340291449623e+01
2.033416705544482639e+01
1.997820477514623860e+01
1.962089014443305857e+01
1.926223674571966882e+01
1.890225816142022452e+01
1.854096797394909402e+01
1.817837976572059233e+01
1.781450711914904161e+01
1.744936361664881730e+01
1.708296284063405679e+01
1.671531837351915684e+01
1.634644379771843603e+01
1.597635269564617566e+01
1.560505864971677603e+01
1.523257524234439764e+01
1.485891605594340881e+01
1.448409467292812280e+01
1.410812467571283335e+01
1.373101964671195319e+01
1.335279316833960728e+01
1.297345882301020126e+01
1.259303019313802707e+01
1.221152086113739976e+01
1.182894440942268410e+01
1.144531442040807789e+01
1.106064447650792104e+01
1.067494816013653391e+01
1.028823905370822800e+01
9.900530739637389388e+00
9.511836800338159037e+00
9.122170818224923039e+00
8.731546375712024854e+00
8.339977055213701362e+00
7.947476439144406157e+00
7.554058109918251773e+00
7.159735649949624303e+00
6.764522641652835233e+00
6.368432667442210260e+00
5.971479309732117713e+00
5.573676150936716311e+00
5.175036773470374385e+00
4.775574759747406972e+00
4.375303692182114901e+00
3.974237153188909133e+00
3.572388725181937730e+00
3.169771990575537046e+00
2.766400531784075412e+00
2.362287931221814574e+00
1.957447771303137074e+00
1.551893634442254921e+00
1.145639103053504471e+00
7.386977595512114192e-01
3.310831863496375149e-01
-7.719103413677075309e-02
-4.861113194939115090e-01
-8.956640873073524745e-01
-1.305835755162831902e+00
-1.716612740645999224e+00
-2.127981461342507430e+00
-2.539928334838187141e+00
-2.952439778718677132e+00
-3.365502210569633945e+00
-3.779102047976742540e+00
-4.193225708525673667e+00
-4.607859609802225975e+00
-5.022990169392056004e+00
-5.438603804880834502e+00
-5.854686933854218012e+00
-6.271225973897884387e+00
-6.688207342597650040e+00
-7.105617457539128878e+00
-7.523442736308041390e+00
-7.941669596490051219e+00
-8.360284455670754511e+00
-8.779273731436063599e+00
-9.198623841371549759e+00
-9.618321203062912161e+00
-1.003835223409583222e+01
-1.045870335205596291e+01
-1.087936097452909223e+01
-1.130031151910090870e+01
-1.172154140335705819e+01
-1.214303704488322921e+01
-1.256478486126506766e+01
-1.298677127008840415e+01
-1.340898268893883483e+01
-1.383140553540211926e+01
-1.425402622706384648e+01
-1.467683118150973343e+01
-1.509980681632556099e+01
-1.552293954909699636e+01
-1.594621579740967121e+01
-1.636962197884933801e+01
-1.679314451100155026e+01
-1.721676981145223806e+01
-1.764048429778694072e+01
-1.806427438759139648e+01
-1.848812649845125833e+01
-1.891202704795219347e+01
-1.933596245368001831e+01
-1.975991913322034321e+01
